Fix,Provider,LatitudeDegrees,LongitudeDegrees,AltitudeMeters,SpeedMps,AccuracyMeters,BearingDegrees,UnixTimeMillis,SpeedAccuracyMps,BearingAccuracyDegrees,elapsedRealtimeNanos,VerticalAccuracyMeters,TransitType
Fix,FLP,37.4214638,-122.1586908,-7.999999523162842,0.22211356,10.297,335.32382,1676501273206,,,99637590621041,1.4832386,Bike
Fix,FLP,37.4214652,-122.1586916,-7.999999523162842,0.21847178,10.441,331.8676,1676501274724,,,99639109702463,1.5171838,Bike
Fix,FLP,37.4214651,-122.1586915,-7.999999523162842,0.14612275,10.429,308.28116,1676501275738,,,99640122428598,1.5171838,Bike
Fix,FLP,37.4214651,-122.1586914,-7.999999523162842,0.15436691,10.451,306.44925,1676501276244,,,99640628793649,1.5299038,Bike
Fix,FLP,37.4214655,-122.1586919,-7.999999523162842,0.16643266,10.52,304.2657,1676501277257,,,99641641527780,1.5299038,Bike
Fix,NLP,37.4215738,-122.1586367,-7.999999523162842,,14.854,,1676501278798,,,99643182000000,1.8140852,Bike
Fix,FLP,37.4214678,-122.1586914,-10.819194258659422,0.08721548,10.637,,1676501278775,,,99643160620614,1.6262991,Bike
Fix,GPS,37.421470298,-122.1585990119,4.388616013641928,0.0,19.122778,,1676501277589,0.90051204,,99643966225813,12.8323965,Bike
Fix,FLP,37.4214765,-122.1586864,-7.999999523162842,0.09404703,10.494,,1676501279282,,,99643667009652,1.6730431,Bike
Fix,FLP,37.4214822,-122.1586826,-7.999999523162842,0.07291197,10.363,,1676501279788,,,99644173381601,1.6730431,Bike
Fix,FLP,37.4214868,-122.1586797,-7.999999523162842,0.063630804,10.302,,1676501280802,,,99645186127267,1.5565894,Bike
Fix,FLP,37.4214898,-122.1586777,-7.999999523162842,0.05152719,10.26,,1676501281308,,,99645692500497,1.5565894,Bike
Fix,GPS,37.4214288831,-122.1587117333,-4.532857940245585,0.0,21.342438,,1676501279745,0.9259457,,99645988928370,14.722964,Bike
Fix,FLP,37.4214936,-122.1586751,-10.552014734828546,0.032294124,10.235,,1676501281900,,,99646284761303,1.5801523,Bike
Fix,GPS,37.4214441607,-122.158704709,-4.177072162649127,0.0,45.932995,,1676501280684,0.94950074,,99646978422674,32.268787,Bike
Fix,FLP,37.421495,-122.1586741,-7.999999523162842,0.025647152,10.226,,1676501282443,,,99646827292309,1.6093576,Bike
Fix,GPS,37.4214993859,-122.1588127349,-4.905658536839262,0.0,11.682553,,1676501281360,0.91813874,,99647989108343,20.627565,Bike
Fix,FLP,37.4214975,-122.1586725,-4.799999713897705,0.014019875,10.322,,1676501283528,,,99647912388805,1.6193576,Bike
Fix,NLP,37.4215931,-122.1586329,-8.40000057220459,,13.09,,1676501283777,,,99648161000000,1.1620826,Bike
Fix,GPS,37.4214962359,-122.1588210954,-9.729777125047017,0.0,14.243547,,1676501282360,0.48498717,,99648989066962,20.462517,Bike
Fix,FLP,37.4215069,-122.1586676,-5.66755572221799,0.050712403,10.362,,1676501284612,,,99648997471752,1.5216384,Bike
Fix,FLP,37.4215129,-122.1586644,-5.66755572221799,0.027494833,10.349,,1676501285155,,,99649540012829,1.5216384,Bike
Fix,GPS,37.4214944577,-122.1587992436,-8.74421512599154,0.0,12.97225,,1676501283360,0.52528226,,99649976298163,18.20525,Bike
Fix,FLP,37.4215166,-122.1586621,-8.40000057220459,0.023943003,10.302,,1676501285698,,,99650082550853,1.4566981,Bike
Fix,FLP,37.4215195,-122.1586605,-8.40000057220459,0.018597843,10.291,,1676501286241,,,99650625093090,1.5168064,Bike
Fix,GPS,37.4214940648,-122.1587666432,-11.788528974358796,0.0,10.772526,,1676501285000,0.49597028,,99651562233000,15.742372,Bike
Fix,FLP,37.4215234,-122.1586587,-5.048460721681579,0.009865597,10.244,,1676501287326,,,99651710171703,1.5745239,Bike
Fix,GPS,37.4214869351,-122.1587699478,-12.469206406664394,0.0,10.307995,,1676501286000,20.0,,99652562257000,14.806536,Bike
Fix,FLP,37.421525,-122.1586589,-3.595810046718966,0.010950233,10.074,,1676501287868,,,99652252709728,1.5856122,Bike
Fix,FLP,37.4215259,-122.1586596,-3.595810046718966,0.010119254,9.921,,1676501288410,,,99652795247997,1.5856122,Bike
Fix,NLP,37.4215813,-122.1586483,-7.999999523162842,,15.017,,1676501288840,,,99653225000000,1.4009165,Bike
Fix,FLP,37.4215263,-122.1586603,-3.385523991152219,0.008733141,9.787,,1676501288953,,,99653337784923,1.5224313,Bike
Fix,GPS,37.4214863846,-122.1587736362,-14.294604178683256,0.0,9.885028,,1676501287000,20.0,,99653562289000,13.896516,Bike
Fix,FLP,37.4215299,-122.1586606,-3.507349002118758,0.017885547,9.726,,1676501289495,,,99653880321605,1.5246551,Bike
Fix,FLP,37.4215327,-122.1586603,-3.507349002118758,0.02462424,9.639,,1676501290038,,,99654422855052,1.5246551,Bike
Fix,GPS,37.4214912788,-122.1587791026,-14.571428351438373,1.0935999,9.496008,307.2267,1676501288000,0.37063366,18.789343,99654562419000,13.304576,Bike
Fix,FLP,37.4215371,-122.1586607,-3.507349002118758,0.39865074,9.495,337.55032,1676501290580,,,99654965393566,1.5360533,Bike
Fix,FLP,37.4215403,-122.1586619,-3.507349002118758,0.64810866,9.434,334.30228,1676501291122,,,99655507928905,1.5360533,Bike
Fix,GPS,37.4215042683,-122.1587729323,-16.259692851929422,1.2744935,8.898601,308.41028,1676501289000,0.37836322,16.187986,99655562290000,12.610067,Bike
Fix,GPS,37.4215175996,-122.1587765771,-17.993349136166227,1.1165845,8.369778,310.26218,1676501290000,0.39318648,19.343138,99656562427000,12.015347,Bike
Fix,FLP,37.4215477,-122.1586657,10.861400340659692,0.9377775,9.336,342.53876,1676501292208,,,99656592997692,1.5574965,Bike
Fix,FLP,37.4215516,-122.1586677,10.861400340659692,0.9761584,9.387,352.82764,1676501292778,,,99657162000000,1.5574965,Bike
Fix,GPS,37.4215269096,-122.1587806507,-18.998838951997676,0.3929267,7.860114,310.26218,1676501291000,0.36173764,119.055595,99657562340000,11.238304,Bike
Fix,FLP,37.4215532,-122.1586683,-2.585782609540466,1.0158064,9.488,4.2370896,1676501293294,,,99657678064037,1.5674165,Bike
Fix,NLP,37.4216422,-122.1587126,-8.5,,36.293,,1676501293880,,,99658265000000,1.0,Bike
Fix,FLP,37.4215572,-122.1586686,-7.999999523162842,0.73391616,9.527,11.849653,1676501293835,,,99658220600048,1.2020973,Bike
Fix,GPS,37.4215295314,-122.1587775815,-20.203153502858807,0.6010732,7.5828595,303.60892,1676501292000,0.35667086,32.779385,99658562337000,10.721649,Bike
Fix,FLP,37.4215602,-122.158669,-7.999999523162842,0.73301893,9.595,11.612,1676501294357,,,99658742000000,1.2020973,Bike
Fix,GPS,37.4215361048,-122.1587767819,-21.255144303902394,1.2866001,9.401052,322.8763,1676501293000,0.4146598,13.694386,99659562424000,10.3400955,Bike
Fix,FLP,37.4215645,-122.1586699,-7.999999523162842,0.6517877,10.054,23.365572,1676501294921,,,99659305659618,1.2431695,Bike
Fix,FLP,37.4215683,-122.1586695,-7.999999523162842,0.9001459,10.267,25.465017,1676501295464,,,99659848190807,1.2431695,Bike
Fix,GPS,37.4215484608,-122.1587838816,-22.049051757492457,2.5152655,8.390199,315.80637,1676501294000,0.418169,10.0,99660562341000,9.918588,Bike
Fix,FLP,37.4215707,-122.1586695,-3.8496639080529818,1.0220486,10.602,22.277262,1676501296006,,,99660390721447,1.2521796,Bike
Fix,FLP,37.421578,-122.1586696,-3.8496639080529818,1.5393883,10.852,12.607166,1676501296549,,,99660933251598,1.2521796,Bike
Fix,GPS,37.4215663026,-122.1588058201,-22.952017551001425,3.92846,12.327019,310.49353,1676501295000,0.47816232,10.0,99661562599000,9.434295,Bike
Fix,FLP,37.4215809,-122.1586716,10.503980201742792,1.8208131,11.071,7.0041723,1676501297091,,,99661475781139,1.2650584,Bike
Fix,FLP,37.4215919,-122.158674,10.503980201742792,2.4139657,11.317,1.0259699,1676501297633,,,99662018310497,1.2650584,Bike
Fix,GPS,37.4215887665,-122.1588386916,-23.5903726765978,4.1891184,11.812656,308.24905,1676501296000,0.43732864,10.0,99662562439000,9.002598,Bike
Fix,FLP,37.4215961,-122.1586775,19.38407361232596,2.737937,11.536,356.67557,1676501298175,,,99662560842052,1.2760584,Bike
Fix,NLP,37.4217012,-122.1589852,-8.5,,21.514,,1676501298474,,,99662859000000,1.4317087,Bike
Fix,FLP,37.4216084,-122.158694,16.332263489337237,2.9787245,11.945,351.66394,1676501298712,,,99663097815380,1.2270089,Bike
Fix,GPS,37.4216133145,-122.1588751691,-23.88019759157679,4.4459476,11.81707,310.6148,1676501297000,0.4984664,10.0,99663562478000,8.696998,Bike
Fix,FLP,37.4216152,-122.1587059,19.38407361232596,2.9786375,12.295,349.59796,1676501299260,,,99663645884167,1.234999,Bike
Fix,GPS,37.4216613281,-122.1589299894,-22.418586230297255,4.552816,6.5926485,309.45047,1676501298000,0.39022672,10.0,99664562442000,8.355348,Bike
Fix,FLP,37.4216356,-122.1587471,18.77909995299315,3.2818801,13.493,329.30554,1676501300345,,,99664730951366,1.2449689,Bike
Fix,FLP,37.4216633,-122.1588393,18.77909995299315,4.067223,14.138,313.6458,1676501300888,,,99665273478527,1.2449689,Bike
Fix,GPS,37.4217087323,-122.1589816875,-20.7712731502026,4.752066,6.1465406,307.89313,1676501299000,0.38210922,10.0,99665562459000,7.934325,Bike
Fix,FLP,37.4216958,-122.1589252,12.843729750864007,4.6003056,13.701,308.91104,1676501301974,,,99666358531689,1.2549989,Bike
Fix,GPS,37.4217466778,-122.1590351638,-19.85743103126227,4.774734,5.8443017,305.57803,1676501300000,0.35942253,10.0,99666562451000,7.633566,Bike
Fix,FLP,37.4217276,-122.158994,18.77909995299315,4.926624,13.262,307.3387,1676501302516,,,99666901058300,1.264959,Bike
Fix,GPS,37.4217824313,-122.1590886889,-19.115743629663783,4.966759,5.5567245,305.30954,1676501301000,0.38699433,10.0,99667562463000,7.297462,Bike
Fix,FLP,37.4217383,-122.1590163,18.93122672298702,5.011416,12.977,307.36847,1676501303058,,,99667443583690,1.275039,Bike
Fix,NLP,37.4217765,-122.1591363,-8.300000190734863,,17.703,,1676501303506,,,99667891000000,1.0,Bike
Fix,FLP,37.4217651,-122.1590647,10.305399835250393,5.2071204,12.316,307.53384,1676501303602,,,99667986109020,1.2209132,Bike
Fix,GPS,37.4218161694,-122.159142079,-18.53270751940818,5.1781297,5.3642797,306.52832,1676501302000,0.39716172,10.0,99668562472000,7.0320044,Bike
Fix,FLP,37.4217926,-122.1591078,-0.4155718432975135,5.2824383,11.682,306.65698,1676501304177,0.39716172,10.0,99668562472000,1.2288831,Bike
Fix,GPS,37.4218511194,-122.1591924077,-18.53465069583645,5.54497,5.2963142,305.32642,1676501303000,0.40945572,10.0,99669562470000,6.8446865,Bike
Fix,FLP,37.4218345,-122.1591725,2.417630465211438,5.506089,9.94,305.61636,1676501305177,0.40945572,10.0,99669562470000,1.2389032,Bike
Fix,GPS,37.4218858488,-122.159251838,-17.616969703872368,5.282595,5.171225,311.50534,1676501304000,0.35843423,10.0,99670562506000,6.6356874,Bike
Fix,FLP,37.4218741,-122.1592355,11.785239657938988,5.360832,8.409,309.44385,1676501306178,0.35843423,10.0,99670562506000,1.2489735,Bike
Fix,GPS,37.4219190776,-122.1592995825,-17.31979910637235,5.1384907,5.103292,311.5986,1676501305000,0.39614823,10.0,99671562774000,6.448944,Bike
Fix,FLP,37.4219114,-122.1592899,11.785239657938988,5.2146587,7.23,310.5899,1676501307178,0.39614823,10.0,99671562774000,1.2591362,Bike
Fix,GPS,37.4219505073,-122.1593458961,-17.35040674632,4.7087097,5.0879884,315.18353,1676501306000,0.40258968,10.0,99672562492000,6.323167,Bike
Fix,FLP,37.4219442,-122.1593387,4.71008698838515,5.2322254,6.669,310.5892,1676501308178,,,99672562492000,1.2691462,Bike
Fix,FLP,37.4219668,-122.1593822,4.71008698838515,4.3996916,6.956,299.4658,1676501309284,,,99673669049450,1.2691462,Bike
Fix,GPS,37.4219895274,-122.1593818179,-16.92356097512865,4.7784595,4.9903,318.82565,1676501307000,0.31773055,10.0,99673562617000,6.240425,Bike
Fix,GPS,37.4220246558,-122.1594190352,-16.55898947239156,4.907064,4.870987,313.50143,1676501308000,0.29563463,10.0,99674562566000,6.0808077,Bike
Fix,FLP,37.4219851,-122.1594128,1.5653940343013917,3.8447506,8.026,292.38174,1676501310369,,,99674754095165,1.2891562,Bike
Fix,GPS,37.422062348,-122.1594605047,-15.942702206867288,5.2510777,4.7720957,313.2783,1676501309000,0.34341344,10.0,99675562769000,5.9848056,Bike
Fix,FLP,37.4220247,-122.159451,1.5653940343013917,4.1344395,8.471,304.8932,1676501310912,,,99675296618114,1.2891562,Bike
Fix,FLP,37.4220448,-122.1594569,-5.155861161696173,5.01538,8.101,311.63913,1676501311178,0.34341344,10.0,99675562769000,1.2991362,Bike
Fix,GPS,37.4220967945,-122.159506171,-15.569810424482164,5.395855,4.786269,314.3319,1676501310000,0.4218204,10.0,99676562701000,5.937851,Bike
Fix,FLP,37.4220893,-122.1595039,9.73703997778214,5.3871756,7.8,313.94992,1676501312177,0.4218204,10.0,99676562701000,1.3091362,Bike
Fix,GPS,37.4221348135,-122.1595449261,-16.065875137326127,5.7557063,5.0869274,321.7825,1676501311000,0.37172568,10.0,99677562703000,5.9129663,Bike
Fix,FLP,37.422131,-122.1595458,13.117586384923214,5.748239,7.761,320.84158,1676501313178,0.37172568,10.0,99677562703000,1.4188005,Bike
Fix,GPS,37.4221837396,-122.1595863439,-15.871033550066423,5.980764,5.175734,323.10837,1676501312000,0.37452072,10.0,99678562874000,5.898079,Bike
Fix,FLP,37.4221796,-122.1595865,6.865431470343566,5.9760194,7.199,322.95383,1676501314177,0.37452072,10.0,99678562874000,1.3291862,Bike
Fix,GPS,37.4222262752,-122.1596255576,-15.831341840051406,5.627832,5.5291524,320.2264,1676501313000,0.43262875,10.0,99679562681000,5.996287,Bike
Fix,FLP,37.4222249,-122.1596262,11.694040394687647,5.635765,6.079,320.07538,1676501315177,0.43262875,10.0,99679562681000,1.3391562,Bike
Fix,GPS,37.4222663201,-122.1596675109,-15.602943622989054,5.387954,5.755325,319.0376,1676501314000,0.44581854,10.0,99680562789000,6.017572,Bike
Fix,FLP,37.4222654,-122.1596674,11.878973259356265,5.3938403,5.903,319.02322,1676501316177,0.44581854,10.0,99680562789000,1.3491461,Bike
Fix,GPS,37.4223044595,-122.1597087341,-15.149420520938085,5.57948,5.9910655,317.76453,1676501315000,0.42681143,10.0,99681562648000,6.092017,Bike
Fix,FLP,37.4223035,-122.1597083,1.7634205942548888,5.574487,5.387,317.0532,1676501317178,0.42681143,10.0,99681562648000,1.4588006,Bike
Fix,GPS,37.4223466878,-122.1597513942,-14.997797860745582,5.927247,6.155734,318.82077,1676501316000,0.4459186,10.0,99682562756000,6.146547,Bike
Fix,FLP,37.4223442,-122.1597514,7.665534746698341,5.9174767,5.721,317.98233,1676501318178,0.4459186,10.0,99682562756000,1.3681462,Bike
Fix,GPS,37.4223846113,-122.159797703,-14.933745587687127,5.788724,6.3058825,317.93256,1676501317000,0.4688557,4.3256583,99683562682000,6.2367373,Bike
Fix,FLP,37.4223843,-122.1597971,-12.589200158741464,5.789968,5.818,317.00958,1676501319177,0.4688557,4.3256583,99683562682000,1.3791462,Bike
Fix,GPS,37.4224252027,-122.1598426147,-14.534046222765362,5.5785055,6.459421,321.1392,1676501318000,0.5737099,5.504992,99684562682000,6.3388205,Bike
Fix,FLP,37.422424,-122.1598423,-20.12705555251526,5.581313,6.133,320.94083,1676501320178,0.5737099,5.504992,99684562682000,1.3891462,Bike
Fix,GPS,37.422464577,-122.1598852914,-15.619203363358915,5.2961807,5.9239182,316.72433,1676501319000,0.09663452,1.0,99685562882000,5.9701533,Bike
Fix,FLP,37.422464,-122.1598842,-15.491113248358786,5.296294,6.167,316.0022,1676501321177,0.09663452,1.0,99685562882000,1.3991362,Bike
Fix,GPS,37.4225050772,-122.1599275637,-15.514982948115923,5.1040816,5.412485,316.54056,1676501320000,0.0776146,1.0,99686563196000,5.773494,Bike
Fix,FLP,37.4225028,-122.159927,-13.610265989473056,5.104146,6.051,316.0,1676501322179,0.0776146,1.0,99686563196000,1.5088605,Bike
Fix,GPS,37.4225378297,-122.1599573017,-16.410645825873708,4.8955894,5.138964,320.85736,1676501321000,0.07527216,1.0,99687562870000,5.6109915,Bike
Fix,FLP,37.4225372,-122.1599605,-12.106714198993686,4.895653,5.848,319.9987,1676501323177,0.07527216,1.0,99687562870000,1.4181361,Bike
Fix,GPS,37.4225760255,-122.159999043,-16.17192976760103,5.2966924,4.889219,320.78156,1676501322000,0.08543846,1.0,99688562769000,5.41522,Bike
Fix,FLP,37.4225626,-122.1599845,-10.923370260824967,5.295274,5.443,320.0002,1676501324178,0.08543846,1.0,99688562769000,1.4281561,Bike
Fix,NLP,37.422508,-122.159987,-7.700000286102295,,18.715,,1676501324414,,,99688798000000,1.1073494,Bike
Fix,FLP,37.4225723,-122.1599949,-10.923370260824967,5.2953105,5.756,320.00018,1676501324414,0.08543846,1.0,99688798000000,1.1999422,Bike
Fix,GPS,37.4226131247,-122.1600388629,-15.842755791450225,5.324063,5.3151884,318.7961,1676501323000,0.36867586,3.8774984,99689562807000,5.372352,Bike
Fix,FLP,37.4226082,-122.1600336,-8.300000190734863,5.3252406,5.613,318.01294,1676501325178,0.36867586,3.8774984,99689562807000,1.1949736,Bike
Fix,GPS,37.4226550419,-122.1600791641,-16.061313604982562,5.2769794,5.493225,321.00598,1676501324000,0.37579563,4.01453,99690562803000,5.358518,Bike
Fix,FLP,37.422651,-122.1600773,-7.700000286102295,5.2772765,5.599,320.98026,1676501326177,0.37579563,4.01453,99690562803000,1.2025021,Bike
Fix,GPS,37.4226954518,-122.160120178,-16.39231479497637,5.5219088,5.486961,320.58484,1676501325000,0.39969912,4.0737424,99691562882000,5.363473,Bike
Fix,FLP,37.4226928,-122.1601184,15.878566231198626,5.5201097,5.551,320.00696,1676501327177,0.39969912,4.0737424,99691562882000,1.1924045,Bike
Fix,GPS,37.4227305671,-122.1601626738,-16.37668005143632,5.4048376,5.568995,317.33295,1676501326000,0.44247794,4.5682616,99692562962000,5.4525547,Bike
Fix,FLP,37.4227307,-122.1601612,10.066805615614925,5.4058228,5.622,317.0276,1676501328178,0.44247794,4.5682616,99692562962000,1.2113446,Bike
Fix,GPS,37.4227643521,-122.1602063691,-16.373881943449266,5.376137,5.6729946,315.7682,1676501327000,0.43793437,4.527371,99693562860000,5.559005,Bike
Fix,FLP,37.4227651,-122.1602052,9.369298079070616,5.376371,5.914,315.01776,1676501329178,0.43793437,4.527371,99693562860000,1.2213446,Bike
Fix,NLP,37.4227073,-122.1602161,-7.700000286102295,,27.475,,1676501329512,,,99693896000000,1.1180964,Bike
Fix,FLP,37.4227735,-122.1602163,9.369298079070616,5.374484,6.256,315.01627,1676501329512,0.43793437,4.527371,99693896000000,1.1680069,Bike
Fix,GPS,37.4227992116,-122.1602540977,-16.20269489111524,5.685331,5.7118716,312.16895,1676501328000,0.45901015,4.4724827,99694562878000,5.667667,Bike
Fix,FLP,37.4227981,-122.1602511,7.839744486691814,5.6831617,6.322,312.02457,1676501330178,0.45901015,4.4724827,99694562878000,1.1750069,Bike
Fix,GPS,37.4228336568,-122.1602982368,-16.37769608263913,5.4750557,5.6411934,316.8872,1676501329000,0.41720197,4.2316175,99695562887000,5.736462,Bike
Fix,FLP,37.4228332,-122.1602984,2.3290627025577706,5.476607,6.347,315.96722,1676501331178,0.41720197,4.2316175,99695562887000,1.1841837,Bike
Fix,GPS,37.4228715636,-122.1603397577,-16.47337423598341,5.538724,5.6180716,321.9913,1676501330000,0.42203182,4.169969,99696563622000,5.810784,Bike
Fix,FLP,37.4228706,-122.1603404,-7.700000286102295,5.5380235,6.369,320.9601,1676501332178,0.42203182,4.169969,99696563622000,1.1941837,Bike
Fix,GPS,37.4229139724,-122.160380371,-16.22984822136251,5.4753184,5.622882,322.40863,1676501331000,0.42731515,4.2761464,99697563086000,5.897324,Bike
Fix,FLP,37.4229123,-122.1603802,-10.850100566124723,5.4758387,6.378,321.9915,1676501333178,0.42731515,4.2761464,99697563086000,1.2037534,Bike
Fix,GPS,37.4229549117,-122.1604262474,-15.376226286800431,5.093971,5.4494615,322.23016,1676501332000,0.39241123,4.212743,99698562921000,5.915051,Bike
Fix,FLP,37.4229536,-122.1604235,-17.200477389485684,5.0966635,6.341,322.00015,1676501334177,0.39241123,4.212743,99698562921000,1.2143407,Bike
Fix,GPS,37.4229959459,-122.1604672664,-14.727907303476051,4.659353,5.40942,320.40765,1676501333000,0.4010916,4.721446,99699563253000,5.870206,Bike
Fix,FLP,37.4229938,-122.1604645,-16.69098668964689,4.662567,5.548,320.0162,1676501335179,0.4010916,4.721446,99699563253000,1.2243307,Bike
Fix,GPS,37.423034674,-122.1605049835,-14.276645471562022,4.5000715,5.3596625,319.30914,1676501334000,0.39243016,4.831131,99700563076000,5.851392,Bike
Fix,FLP,37.4230198,-122.1604912,-13.596016718230132,4.5077996,5.468,319.04974,1676501336179,0.39243016,4.831131,99700563076000,1.2343206,Bike
Fix,GPS,37.423069418,-122.1605430625,-13.913440627480623,4.4898033,5.3240504,319.88947,1676501335000,0.3937543,4.8958836,99701563110000,5.8642883,Bike
Fix,FLP,37.4230527,-122.1605253,-11.658558591968728,4.4950047,5.417,319.00015,1676501337179,0.3937543,4.8958836,99701563110000,1.2443407,Bike
Fix,GPS,37.423103503,-122.1605793174,-13.535341823704776,4.4517155,5.3091445,323.31598,1676501336000,0.39428145,4.941,99702563000000,5.8888745,Bike
Fix,FLP,37.4230959,-122.1605716,-11.035042160125483,4.451981,5.405,322.971,1676501338179,0.39428145,4.941,99702563000000,1.2543207,Bike
Fix,GPS,37.4231397594,-122.1606106989,-13.050520388762983,4.24554,5.37445,322.3757,1676501337000,0.40230507,5.2600584,99703563139000,5.9890747,Bike
Fix,FLP,37.4231265,-122.1605997,-12.18098346457856,4.254587,5.362,322.04605,1676501339178,0.40230507,5.2600584,99703563139000,1.2637534,Bike
Fix,GPS,37.4231768389,-122.1606447782,-12.980617563802678,4.1347218,5.24059,316.99585,1676501338000,0.3859858,5.1620126,99704563138000,6.0398316,Bike
Fix,FLP,37.4231693,-122.1606389,-11.52769469393658,4.135643,5.352,316.05844,1676501340178,0.3859858,5.1620126,99704563138000,1.2737634,Bike
Fix,NLP,37.4228512,-122.1605904,,,600.0,,1676501340466,,,99704851000000,,Bike
Fix,FLP,37.4231778,-122.1606473,-11.52769469393658,4.134611,5.473,316.00284,1676501340466,0.3859858,5.1620126,99704851000000,1.2737634,Bike
Fix,GPS,37.4232075719,-122.1606808588,-13.159673025655856,4.107532,5.2163234,308.2902,1676501339000,0.40734836,5.500947,99705563170000,6.0331564,Bike
Fix,FLP,37.4231825,-122.160659,-12.835232135277153,3.1457243,5.938,243.03409,1676501341225,,,99705609796459,1.2837434,Bike
Fix,FLP,37.4231893,-122.1606809,-12.835232135277153,3.6166039,6.186,283.24536,1676501341768,,,99706152312999,1.2837434,Bike
Fix,GPS,37.4232228194,-122.1607166078,-13.721613212800596,3.3625364,5.123648,292.44183,1676501340000,0.35388708,5.961907,99706563229000,5.986172,Bike
Fix,FLP,37.4231984,-122.1606929,-12.835232135277153,3.9956975,6.494,284.80917,1676501342310,,,99706694824108,1.2937534,Bike
Fix,GPS,37.4232278615,-122.1607505699,-14.015836060716074,2.8890274,4.9935536,260.81546,1676501341000,0.3553487,7.3964624,99707562998000,5.935454,Bike
Fix,FLP,37.4232193,-122.1607316,-10.674250707713256,3.487966,6.91,282.2256,1676501342853,,,99707237337719,1.3043207,Bike
Fix,FLP,37.4232224,-122.1607464,-10.674250707713256,2.9652715,7.133,265.41522,1676501343395,,,99707779851513,1.3043207,Bike
Fix,GPS,37.4232101421,-122.160781153,-14.246699794230992,2.9035318,5.18742,230.4027,1676501342000,0.4534185,9.0167,99708563155000,6.0253057,Bike
Fix,FLP,37.4232213,-122.160773,-4.47522761438664,2.898787,7.53,267.075,1676501343901,,,99708286197521,1.3143407,Bike
Fix,FLP,37.4232137,-122.1607857,-4.47522761438664,2.7954454,7.855,233.21931,1676501344479,,,99708864880138,1.3143407,Bike
Fix,GPS,37.4231736622,-122.1608126714,-14.025717756269808,3.8633986,5.340957,214.10501,1676501343000,0.38472268,5.595674,99709563161000,6.1487956,Bike
Fix,FLP,37.4231993,-122.1607995,8.999039685361872,2.8856292,8.205,217.1788,1676501345022,,,99709407386059,1.3243307,Bike
Fix,FLP,37.423181,-122.1608116,8.999039685361872,3.6123903,8.682,210.94478,1676501345565,,,99709949911632,1.3243307,Bike
Fix,NLP,37.4227472,-122.1607779,-6.599999904632568,,24.461,,1676501346172,,,99710557000000,2.1146348,Bike
Fix,FLP,37.4231586,-122.1608254,16.548728750363715,3.8378782,8.904,206.60268,1676501346107,,,99710492425304,1.163286,Bike
Fix,GPS,37.4231257169,-122.1608403558,-13.31100112539576,4.1392083,5.395427,201.70457,1676501344000,0.36496377,5.310161,99710563041000,6.289567,Bike
Fix,FLP,37.42313,-122.1608389,16.548728750363715,4.1055565,8.983,202.53595,1676501346658,,,99711042000000,1.164496,Bike
Fix,GPS,37.4230771962,-122.1608557032,-12.767131504962894,4.0010557,5.4139028,205.98994,1676501345000,0.36583573,5.3979816,99711563207000,6.316296,Bike
Fix,FLP,37.423104,-122.1608513,17.059659527231446,4.1467648,9.024,202.98682,1676501347192,,,99711577445934,1.2588992,Bike
Fix,GPS,37.4230323388,-122.1608760785,-12.12050799454113,3.974476,5.305273,209.24089,1676501346000,0.35007495,5.215287,99712563200000,6.304515,Bike
Fix,FLP,37.4230612,-122.16087,17.059659527231446,4.0521884,9.194,202.53601,1676501348277,,,99712662494457,1.2691416,Bike
Fix,GPS,37.4229910273,-122.1608965884,-11.016144847940124,4.08458,5.2762427,213.27643,1676501347000,0.35182413,5.0221167,99713563148000,6.2860847,Bike
Fix,FLP,37.4230212,-122.1608888,13.465238091638255,3.9722528,9.358,206.97557,1676501348820,,,99713205011059,1.279489,Bike
Fix,FLP,37.4230043,-122.1608972,13.465238091638255,4.0454297,9.439,210.58897,1676501349362,,,99713747516186,1.279489,Bike
Fix,GPS,37.4229533693,-122.1609265274,-10.279719337252285,4.3377542,5.1923895,218.00194,1676501348000,0.3536388,4.6401873,99714563190000,6.255425,Bike
Fix,FLP,37.4229768,-122.160916,14.479388384107123,4.0706387,9.451,215.23462,1676501349906,,,99714290044811,1.2908561,Bike
Fix,FLP,37.4229605,-122.160928,14.479388384107123,4.2533293,9.417,217.81818,1676501350448,,,99714832564159,1.2908561,Bike
Fix,GPS,37.4229166852,-122.160954049,-9.391320647140416,4.2721715,5.037261,216.68242,1676501349000,0.34548104,4.616122,99715563399000,6.190684,Bike
Fix,FLP,37.4229335,-122.1609526,14.479388384107123,4.3197517,9.408,219.59122,1676501350990,,,99715375078808,1.2908561,Bike
Fix,FLP,37.4228956,-122.1609832,9.028430929486651,4.306704,9.289,214.68327,1676501352075,,,99716460112194,1.3008561,Bike
Fix,GPS,37.4228837019,-122.1609815724,-8.210221848469628,4.0740376,5.2003,216.39215,1676501350000,0.3801809,5.289136,99716563317000,6.208369,Bike
Fix,FLP,37.4228701,-122.1609997,10.88758361206814,4.11694,9.16,213.31583,1676501352617,,,99717002625804,1.3108361,Bike
Fix,GPS,37.4228537323,-122.1610084383,-6.821595091500502,3.9150023,5.472445,220.23907,1676501351000,0.42266122,6.0342836,99717563223000,6.3378944,Bike
Fix,FLP,37.4228602,-122.161006,-2.985328749083081,4.1088443,9.107,211.17413,1676501353161,,,99717545145153,1.2358036,Bike
Fix,FLP,37.4228394,-122.1610242,-2.985328749083081,3.9457004,9.083,217.34474,1676501353703,,,99718087661754,1.2358036,Bike
Fix,GPS,37.4228275993,-122.1610370413,-6.211658905137407,3.7725081,5.7131104,223.76726,1676501352000,0.39946508,5.8953986,99718563586000,6.48157,Bike
Fix,FLP,37.422829,-122.1610356,-6.599999904632568,3.9340136,9.089,218.68005,1676501354245,,,99718630178112,1.2458236,Bike
Fix,GPS,37.4228021367,-122.1610606211,-5.870897873502905,3.4940827,5.9081817,222.46991,1676501353000,0.40474933,6.480147,99719563315000,6.5832953,Bike
Fix,FLP,37.4228067,-122.1610612,-6.599999904632568,3.788019,9.093,220.25624,1676501354788,,,99719172691234,1.2557937,Bike
Fix,FLP,37.4227982,-122.1610671,-6.599999904632568,3.5787618,9.141,220.6802,1676501355331,,,99719715210522,1.2557937,Bike
Fix,GPS,37.4227741765,-122.1610817926,-5.2893231923478,3.2879858,5.9433455,222.87325,1676501354000,0.441698,7.3767347,99720563295000,6.6393843,Bike
Fix,FLP,37.422782,-122.1610822,-6.599999904632568,3.5110407,9.193,218.33888,1676501355872,,,99720257714855,1.2657937,Bike
Fix,GPS,37.422751966,-122.1611049168,-5.428704010565514,2.9953175,6.007432,232.17862,1676501355000,0.36615133,6.686849,99721563259000,6.628978,Bike
Fix,FLP,37.4227583,-122.1611066,-7.700000286102295,3.3222103,9.315,229.96095,1676501356958,,,99721342755260,1.2757837,Bike
Fix,FLP,37.4227478,-122.1611219,-7.700000286102295,3.0618753,9.637,236.38055,1676501357501,,,99721885273998,1.2757837,Bike
Fix,GPS,37.4227400104,-122.1611374994,-5.778212711415081,2.860234,5.959324,260.7845,1676501356000,0.36519215,7.08441,99722563298000,6.644385,Bike
Fix,FLP,37.4227419,-122.1611357,-6.599999904632568,3.0219572,9.808,250.04738,1676501358042,,,99722427789379,1.2858436,Bike
Fix,FLP,37.4227382,-122.1611555,-6.599999904632568,2.8589287,9.896,267.90387,1676501358586,,,99722970304821,1.2858436,Bike
Fix,GPS,37.4227477935,-122.1611907255,-5.854391606045373,3.043022,5.729678,287.30698,1676501357000,0.3947266,7.848377,99723563306000,6.571635,Bike
Fix,FLP,37.4227404,-122.1611657,-4.5421362622643855,2.799209,9.942,283.35315,1676501359128,,,99723512820141,1.3808461,Bike
Fix,FLP,37.422747,-122.1611924,-4.5421362622643855,2.9758167,9.925,294.16318,1676501359670,,,99724055334911,1.3808461,Bike
Fix,GPS,37.4227661391,-122.1612350039,-5.769434446422459,3.1220932,5.7158,308.48932,1676501358000,0.39408463,7.0705786,99724563337000,6.5618052,Bike
Fix,FLP,37.422755,-122.1612117,-6.599999904632568,3.0175688,9.927,302.4311,1676501360213,,,99724597849987,1.3908961,Bike
Fix,FLP,37.4227726,-122.1612429,-6.599999904632568,3.106436,9.918,310.67566,1676501360756,,,99725140364818,1.3908961,Bike
Fix,GPS,37.4227955466,-122.1612687072,-5.911727249957749,3.4070783,5.6983705,324.11987,1676501359000,0.3812752,6.1479025,99725563323000,6.571054,Bike
Fix,FLP,37.4227907,-122.161265,-10.765171017844132,3.354401,9.891,322.18292,1676501361297,,,99725682876903,1.4008461,Bike
Fix,GPS,37.4228256548,-122.1612898896,-6.213865182302722,2.4117227,5.8228045,329.87473,1676501360000,0.39639178,8.950296,99726563431000,6.581242,Bike
Fix,FLP,37.4228079,-122.1612805,-10.765171017844132,3.4153345,9.845,326.4052,1676501361840,,,99726225394115,1.4108361,Bike
Fix,GPS,37.4228478784,-122.1613056737,-6.0375230497601,1.2833569,5.973214,341.00693,1676501361000,0.3799941,15.8748045,99727563363000,6.5859604,Bike
Fix,FLP,37.422837,-122.161302,-6.599999904632568,2.5205872,9.819,329.34882,1676501362926,,,99727310422680,1.4208461,Bike
Fix,FLP,37.4228467,-122.1613096,-6.599999904632568,1.4551343,9.844,340.64417,1676501363468,,,99727852936596,1.4208461,Bike
Fix,GPS,37.422855747,-122.1613118112,-6.26882416142286,1.2494184,6.072254,321.65063,1676501362000,0.35640225,15.747052,99728563579000,6.528572,Bike
Fix,FLP,37.4228567,-122.1613148,-6.599999904632568,1.3069785,9.807,341.58826,1676501364011,,,99728395450695,1.4308561,Bike
Fix,FLP,37.4228628,-122.1613173,-6.599999904632568,1.2528558,9.859,325.35876,1676501364552,,,99728937964123,1.4308561,Bike
Fix,FLP,37.4228703,-122.1613235,-6.599999904632568,1.2510661,9.986,324.7446,1676501365095,,,99729480466198,1.4308561,Bike
Fix,GPS,37.4228614224,-122.1613228589,-6.698798097040219,2.0611649,5.9503627,310.08817,1676501363000,0.33389592,9.022331,99729563377000,6.4606385,Bike
Fix,FLP,37.4228738,-122.1613316,-6.599999904632568,1.9284652,10.075,308.38736,1676501365638,,,99730022988170,1.4413861,Bike
Fix,GPS,37.4228783548,-122.1613585129,-6.756516420191587,3.2330792,5.460936,316.13797,1676501364000,0.290186,5.0061164,99730563413000,6.303922,Bike
Fix,FLP,37.4228771,-122.1613413,-9.8337766924651,2.0361824,10.159,310.47964,1676501366180,,,99730565508190,1.4508461,Bike
Fix,FLP,37.422887,-122.1613611,-9.8337766924651,2.950342,10.152,317.3325,1676501366724,,,99731108017650,1.4508461,Bike
Fix,GPS,37.4229004468,-122.1613973794,-7.916514419968277,3.5231767,5.338029,308.80417,1676501365000,0.30012143,4.667978,99731563390000,6.1930437,Bike
Fix,FLP,37.4228917,-122.1613683,-0.9852148640167756,3.114346,10.113,314.4647,1676501367266,,,99731650531261,1.4608461,Bike
Fix,GPS,37.4229184522,-122.161437124,-8.89212045587318,3.6734467,5.3167777,297.85413,1676501366000,0.31874704,4.8044124,99732563431000,6.1378226,Bike
Fix,FLP,37.4229102,-122.1614021,13.183751582677807,3.4848306,10.056,301.0316,1676501367809,,,99732193044323,1.3857937,Bike
Fix,FLP,37.422919,-122.1614273,13.183751582677807,3.6578617,9.981,296.36847,1676501368350,,,99732735557567,1.3857937,Bike
Fix,GPS,37.4229288198,-122.161479406,-8.976298828657043,3.4668102,5.6140676,276.99115,1676501367000,0.33142883,4.947468,99733563444000,6.14796,Bike
Fix,FLP,37.4229263,-122.1614523,14.267250671238166,3.701814,9.931,288.8448,1676501368893,,,99733278070385,1.3957937,Bike
Fix,FLP,37.4229312,-122.1614807,14.267250671238166,3.507586,9.805,277.98685,1676501369436,,,99733820583446,1.3957937,Bike
Fix,GPS,37.4229270992,-122.1615250581,-9.01047289063085,3.512011,5.621985,269.86685,1676501368000,0.33797747,5.3299327,99734563555000,6.1229057,Bike
Fix,FLP,37.4229325,-122.1615048,21.51526452306171,3.4733655,9.711,271.93277,1676501369979,,,99734363095531,1.4057937,Bike
Fix,FLP,37.4229306,-122.1615295,21.51526452306171,3.5089567,9.652,271.40897,1676501370510,,,99734895310436,1.4057937,Bike
Fix,GPS,37.4229245871,-122.1615738304,-8.468880445878096,3.7455637,5.7155075,285.4818,1676501369000,0.31992462,4.8635836,99735563517000,6.1336226,Bike
Fix,FLP,37.4229306,-122.161554,21.928682428718297,3.4966104,9.61,277.20926,1676501371064,,,99735448120617,1.4157937,Bike
Fix,FLP,37.4229305,-122.1615771,21.928682428718297,3.6673055,9.566,282.45462,1676501371587,,,99735972000000,1.4157937,Bike
Fix,GPS,37.4229323171,-122.1616283523,-7.539904429916861,3.9813352,5.6395497,291.15576,1676501370000,0.29740095,4.0348883,99736563485000,6.105014,Bike
Fix,FLP,37.4229339,-122.1616061,-12.070337177778557,3.7255125,9.578,284.5842,1676501372149,,,99736533145092,1.4257736,Bike
Fix,GPS,37.4229413416,-122.1616670908,-8.152313521763944,3.7483695,5.6353693,278.77103,1676501371000,0.3155408,4.2366047,99737563659000,6.1074424,Bike
Fix,FLP,37.4229418,-122.1616559,-14.476945987378926,3.965941,9.682,281.75153,1676501373234,,,99737618169018,1.4357836,Bike
Fix,GPS,37.4229427519,-122.1617176183,-7.717079365970653,4.404518,5.6292224,269.6816,1676501372000,0.3301632,4.027005,99738563501000,6.062282,Bike
Fix,FLP,37.4229453,-122.161694,-1.1587456130119378,3.7880156,9.8,276.5893,1676501373776,,,99738160683910,1.5308361,Bike
Fix,FLP,37.4229454,-122.1617104,-1.1587456130119378,4.234195,9.735,272.7905,1676501374364,,,99738749000000,1.5308361,Bike
Fix,GPS,37.4229419181,-122.161778015,-7.238964159869463,4.652616,5.6501713,279.70273,1676501373000,0.35372034,4.183821,99739563634000,6.0516353,Bike
Fix,FLP,37.4229463,-122.1617509,-1.0175940496109348,4.3834624,9.696,274.30838,1676501374970,,,99739354206371,1.5408361,Bike
Fix,NLP,37.4234009,-122.1628094,-5.599999904632568,,54.734,,1676501374530,,,99738914000000,3.8800259,Bike
Fix,FLP,37.4229461,-122.1617991,-1.0175940496109348,4.5776644,9.647,280.6712,1676501375500,,,99739885000000,1.4887887,Bike
Fix,GPS,37.4229521518,-122.1618391082,-6.6670638523591,4.996124,5.7409034,289.1001,1676501374000,0.34415758,3.7020812,99740563562000,6.087133,Bike
Fix,FLP,37.4229506,-122.1618292,7.462399430068977,4.5645003,9.582,288.48016,1676501376054,,,99740439229565,1.4988186,Bike
Fix,GPS,37.4229671605,-122.1619040327,-6.189094108066376,4.810445,5.6137767,286.27542,1676501375000,0.35138208,3.883464,99741563570000,6.138756,Bike
Fix,FLP,37.422961,-122.1618815,7.462399430068977,4.988074,9.566,280.2796,1676501377140,,,99741524252270,1.4988186,Bike
Fix,FLP,37.4229683,-122.1619344,5.009600734406156,4.8155518,9.548,281.3142,1676501377682,,,99742066763195,1.5087987,Bike
Fix,GPS,37.4229816214,-122.1619635573,-6.012788647522212,4.9345856,5.3278027,284.38315,1676501376000,0.3440408,3.823028,99742563552000,6.107658,Bike
Fix,FLP,37.4229705,-122.1619415,-2.689506880304989,4.8109717,9.55,282.87445,1676501378225,,,99742609274486,1.4118861,Bike
Fix,FLP,37.4229836,-122.1619885,-2.689506880304989,4.904612,9.418,285.41238,1676501378767,,,99743151785656,1.4118861,Bike
Fix,GPS,37.4229962631,-122.1620191704,-6.301589854176742,4.926572,5.293616,286.0494,1676501377000,0.35971525,4.074544,99743563589000,6.106713,Bike
Fix,FLP,37.4229979,-122.1620402,14.105339781625538,4.951304,9.417,285.3219,1676501379842,,,99744226000000,1.4218761,Bike
Fix,GPS,37.4230119767,-122.1620779559,-6.7721509062657805,4.943909,5.3047895,286.93793,1676501378000,0.34412807,3.8531156,99744563642000,6.0788207,Bike
Fix,FLP,37.4230106,-122.1620874,11.598931641017144,4.9458685,9.396,285.14734,1676501380395,,,99744779319896,1.4319061,Bike
Fix,GPS,37.4230224452,-122.1621325832,-7.39805673767999,4.719725,5.3118734,287.8155,1676501379000,0.35754868,4.2018147,99745563653000,6.0271153,Bike
Fix,FLP,37.4230159,-122.1621121,4.434480928227728,4.954197,9.403,284.35858,1676501380937,,,99745321828869,1.4419161,Bike
Fix,FLP,37.4230216,-122.1621353,4.434480928227728,4.783518,9.374,285.4514,1676501381479,,,99745864339672,1.4419161,Bike
Fix,GPS,37.4230320442,-122.1621854438,-7.360815456584051,4.5764728,5.368766,288.6142,1676501380000,0.38802773,4.5630946,99746563663000,6.0451527,Bike
Fix,FLP,37.4230294,-122.1621709,11.383595613835269,4.7323246,9.355,285.63834,1676501382022,,,99746406850109,1.4519361,Bike
Fix,FLP,37.4230426,-122.162222,11.383595613835269,4.591415,9.329,288.47202,1676501383107,,,99747491867931,1.4519361,Bike
Fix,GPS,37.4230399732,-122.162239064,-6.566296818977292,4.4689384,5.383958,287.1067,1676501381000,0.40684074,4.880708,99747563625000,6.091677,Bike
Fix,FLP,37.4230501,-122.1622614,11.383595613835269,4.4908094,9.242,287.23166,1676501383650,,,99748034381298,1.461876,Bike
Fix,GPS,37.4230466025,-122.1622920494,-6.283114974618763,4.6313257,5.5236783,283.77176,1676501382000,0.41224498,4.835121,99748563682000,6.1597433,Bike
Fix,FLP,37.4230527,-122.1622787,13.36337364711546,4.483056,9.234,286.90433,1676501384191,,,99748576891613,1.471896,Bike
Fix,FLP,37.4230557,-122.1623116,13.36337364711546,4.62038,9.287,283.76544,1676501384735,,,99749119405407,1.471896,Bike
Fix,GPS,37.4230546075,-122.1623435099,-6.557539942255083,4.710226,5.5551386,287.18542,1676501383000,0.4084393,4.7933373,99749563804000,6.211687,Bike
Fix,FLP,37.423058,-122.1623384,13.04005085511809,4.6347013,9.384,282.9997,1676501385277,,,99749661911938,1.4818861,Bike
Fix,GPS,37.4230670867,-122.1623978141,-6.583644603660906,4.938965,5.5496864,288.37372,1676501384000,0.39297944,4.330866,99750563823000,6.2565618,Bike
Fix,FLP,37.4230637,-122.1623809,5.293297223730114,4.667391,9.531,284.74564,1676501385820,,,99750204421886,1.3717657,Bike
Fix,FLP,37.4230676,-122.1623965,5.293297223730114,4.8278837,9.492,286.67892,1676501386369,,,99750753000000,1.3717657,Bike
Fix,FLP,37.4230776,-122.1624369,5.293297223730114,4.892164,9.51,289.14758,1676501386904,,,99751289444530,1.3717657,Bike
Fix,GPS,37.4230816958,-122.1624590084,-6.434655498520462,5.1124277,5.5737114,289.94846,1676501385000,0.39569005,4.1783853,99751563711000,6.3289084,Bike
Fix,FLP,37.42308,-122.1624492,11.420955151709926,5.1042156,9.18,289.0239,1676501387178,0.39569005,4.1783853,99751563711000,1.3818557,Bike
Fix,GPS,37.423099139,-122.1625266405,-6.798486732372897,5.3326073,5.3704762,287.85318,1676501386000,0.37952277,3.9060786,99752563712000,6.377104,Bike
Fix,FLP,37.4230977,-122.1625186,16.905122742963123,5.3310814,8.751,287.01257,1676501388178,0.37952277,3.9060786,99752563712000,1.3917657,Bike
Fix,GPS,37.4231179397,-122.1625985886,-6.412005031691731,5.450383,5.210771,287.2111,1676501387000,0.3453805,3.528006,99753563750000,6.3054805,Bike
Fix,FLP,37.4231158,-122.1625912,7.229013318518895,5.449759,8.349,287.00015,1676501389179,0.3453805,3.528006,99753563750000,1.4017557,Bike
Fix,GPS,37.4231336594,-122.1626620349,-6.538063835448004,5.5007,5.2111044,287.8264,1676501388000,0.35076398,3.5539794,99754563801000,6.2061315,Bike
Fix,FLP,37.4231325,-122.1626581,17.112983929067887,5.500426,7.831,287.00006,1676501390179,0.35076398,3.5539794,99754563801000,1.4117657,Bike
Fix,GPS,37.4231496947,-122.1627273516,-6.32679268481815,5.4738655,5.186489,287.54898,1676501389000,0.34878308,3.553338,99755563751000,6.138163,Bike
Fix,FLP,37.4231488,-122.1627242,17.112983929067887,5.4740357,6.935,286.99997,1676501391179,0.34878308,3.553338,99755563751000,1.4217757,Bike
Fix,GPS,37.4231648525,-122.1627892764,-5.884302190025804,5.2668505,5.0810604,289.85352,1676501390000,0.3581686,3.7992074,99756563910000,6.041905,Bike
Fix,FLP,37.4231644,-122.1627874,6.855304066121633,5.268107,5.211,288.98767,1676501392179,0.3581686,3.7992074,99756563910000,1.4317657,Bike
Fix,GPS,37.4231794772,-122.1628375222,-5.2127233426834,5.2336764,5.0323467,290.74045,1676501391000,0.35461056,3.7774563,99757563805000,5.9663124,Bike
Fix,FLP,37.4231796,-122.1628395,4.897206287677051,5.2338705,5.144,289.99417,1676501393179,0.35461056,3.7774563,99757563805000,1.561876,Bike
Fix,GPS,37.4231985949,-122.1628914893,-5.370455846212229,5.4095397,4.9224687,289.68585,1676501392000,0.33133265,3.4496355,99758563809000,5.8621597,Bike
Fix,FLP,37.4231977,-122.1628927,9.15556976344206,5.4086165,5.086,289.00504,1676501394179,0.33133265,3.4496355,99758563809000,1.5718861,Bike
Fix,GPS,37.4232133937,-122.162944974,-5.999315713570217,5.244727,4.9982967,284.19473,1676501393000,0.3354258,3.6284761,99759563835000,5.8284125,Bike
Fix,FLP,37.4232134,-122.1629468,7.488227480175524,5.245475,5.043,284.0271,1676501395178,0.3354258,3.6284761,99759563835000,1.581886,Bike
Fix,GPS,37.4232246009,-122.1630034998,-6.640409993628474,5.228453,5.0215,283.90036,1676501394000,0.35024604,3.771969,99760563821000,5.8186088,Bike
Fix,FLP,37.4232247,-122.1630038,0.512458001255041,5.228542,5.011,283.00583,1676501396179,0.35024604,3.771969,99760563821000,1.5918761,Bike
Fix,GPS,37.4232253502,-122.1630589005,-6.559157974845117,5.0467362,5.009972,277.10486,1676501395000,0.3677989,4.0891414,99761563973000,5.823184,Bike
Fix,FLP,37.4232286,-122.1630597,11.461622622920338,5.047695,4.996,277.03802,1676501397179,0.3677989,4.0891414,99761563973000,1.601896,Bike
Fix,GPS,37.4232257006,-122.1631161814,-6.5480716127123735,4.896011,5.0675344,276.73676,1676501396000,0.34562376,3.909023,99762563840000,5.807848,Bike
Fix,FLP,37.4232284,-122.1631163,8.990948132260677,4.89686,5.004,276.0054,1676501398178,0.34562376,3.909023,99762563840000,1.6118861,Bike
Fix,NLP,37.4232728,-122.1631205,-5.599999904632568,,20.0,,1676501399108,,,99763493000000,1.1943301,Bike
Fix,FLP,37.4232296,-122.1631432,3.4367206435238917,3.696651,7.878,232.25606,1676501399109,,,99763493000000,1.3624941,Bike
Fix,GPS,37.4232264076,-122.163175223,-6.437112091564864,4.8669086,5.0239034,279.7253,1676501397000,0.36095327,4.178561,99763563863000,5.7736716,Bike
Fix,FLP,37.4232106,-122.1631661,-1.1329438903650484,4.41115,12.106,257.74094,1676501399653,,,99764038411938,1.3634942,Bike
Fix,GPS,37.4232302673,-122.1632337587,-6.164534562063424,5.163621,5.050725,282.7499,1676501398000,0.36747625,4.0208526,99764563876000,5.7283826,Bike
Fix,FLP,37.4232226,-122.1632076,3.4367206435238917,5.1330833,12.112,281.76715,1676501400179,0.36747625,4.0208526,99764563876000,1.3778605,Bike
Fix,GPS,37.4232400406,-122.1632942444,-6.174023880610088,5.397291,5.0844135,285.3953,1676501399000,0.3742201,4.0665584,99765564162000,5.728781,Bike
Fix,FLP,37.4232373,-122.1632843,14.431744417354032,5.395524,12.119,284.97858,1676501401180,0.3742201,4.0665584,99765564162000,1.388993,Bike
Fix,GPS,37.4232514358,-122.1633533061,-6.5158721355169975,5.2228813,5.0799017,287.56464,1676501400000,0.37711805,4.2474265,99766563945000,5.695817,Bike
Fix,FLP,37.4232509,-122.16335,-3.309624055971007,5.2240424,11.415,286.9854,1676501402178,0.37711805,4.2474265,99766563945000,1.3935041,Bike
Fix,GPS,37.4232653335,-122.1634087673,-6.801585379621124,5.0208225,5.102822,291.86215,1676501401000,0.39471674,4.6661763,99767564175000,5.6965475,Bike
Fix,FLP,37.4232651,-122.1634081,-3.309624055971007,5.02221,12.13,290.96774,1676501403180,0.39471674,4.6661763,99767564175000,1.3872287,Bike
Fix,GPS,37.4232839028,-122.1634637219,-6.654243662582929,5.3496537,5.2133555,293.56247,1676501402000,0.42050365,4.6163864,99768563956000,5.736768,Bike
Fix,FLP,37.423283,-122.1634629,0.4775430116832311,5.346844,8.457,292.98315,1676501404179,0.42050365,4.6163864,99768563956000,1.3972387,Bike
Fix,NLP,37.423323,-122.1631958,-5.599999904632568,,45.6,,1676501404057,,,99768441000000,4.608277,Bike
Fix,GPS,37.4233022553,-122.1635238262,-6.40495856252471,5.4678693,5.2461047,290.252,1676501403000,0.40995345,4.4262824,99769564079000,5.7320714,Bike
Fix,FLP,37.4233031,-122.1635245,4.395499751667593,5.4669795,5.156,290.02164,1676501405180,0.40995345,4.4262824,99769564079000,2.3834193,Bike
Fix,GPS,37.4233215287,-122.1635875212,-6.451253731093922,5.3988423,5.318617,286.43658,1676501404000,0.38589424,4.2986927,99770564242000,5.740291,Bike
Fix,FLP,37.4233209,-122.1635859,-3.635850149346254,5.3993106,5.195,286.0313,1676501406180,0.38589424,4.2986927,99770564242000,2.5772593,Bike
Fix,GPS,37.4233278012,-122.1636533052,-5.995684344620515,5.442106,5.2778096,282.9081,1676501405000,0.35104313,3.712974,99771564027000,5.72595,Bike
Fix,FLP,37.42333,-122.1636504,-3.635850149346254,5.441795,5.228,282.02332,1676501407179,0.35104313,3.712974,99771564027000,2.1110835,Bike
Fix,GPS,37.4233273708,-122.1637184656,-5.8501064677423535,5.1284223,5.090729,287.3779,1676501406000,0.3353064,3.7063458,99772564010000,5.668604,Bike
Fix,FLP,37.4233315,-122.163716,9.878423299719906,5.1300006,5.209,286.9719,1676501408179,0.3353064,3.7063458,99772564010000,2.1210735,Bike
Fix,GPS,37.4233385607,-122.1637818846,-5.854720823745831,4.923064,4.9890738,291.4093,1676501407000,0.32573852,3.692721,99773563988000,5.6474886,Bike
Fix,FLP,37.4233406,-122.1637786,1.840346666045136,4.9240675,5.184,290.97934,1676501409179,0.32573852,3.692721,99773563988000,2.1310935,Bike
Fix,GPS,37.4233532381,-122.1638380001,-5.687280945559968,5.0453672,4.9654536,289.73068,1676501408000,0.33353823,3.625035,99774564022000,5.6062894,Bike
Fix,FLP,37.4233543,-122.1638357,6.672909462763279,5.0447097,5.148,289.00958,1676501410179,0.33353823,3.625035,99774564022000,1.9635731,Bike
Fix,FLP,37.4233603,-122.1638613,6.672909462763279,0.7804985,5.344,173.09482,1676501410680,,,99775064902111,1.9635731,Bike
Fix,GPS,37.4233665609,-122.1638968476,-5.355315210219803,5.553015,4.981531,284.31366,1676501409000,0.36336073,3.6780632,99775564077000,5.634579,Bike
Fix,FLP,37.4233639,-122.1638834,13.299518949590706,5.479326,5.299,283.92688,1676501411180,0.36336073,3.6780632,99775564077000,1.9735831,Bike
Fix,GPS,37.4233775164,-122.1639583297,-4.962744047114225,5.269922,4.951913,282.60822,1676501410000,0.3438402,3.4949787,99776564164000,5.6261597,Bike
Fix,FLP,37.4233769,-122.1639534,10.778150766600495,5.2710752,5.249,282.00964,1676501412180,0.3438402,3.4949787,99776564164000,1.9835831,Bike
Fix,GPS,37.4233871337,-122.1640132058,-5.262487865558653,5.059187,4.967555,282.47647,1676501411000,0.34162953,3.5921876,99777564144000,5.6326647,Bike
Fix,FLP,37.423387,-122.1640127,3.8963540798814975,5.060352,5.232,281.99973,1676501413180,0.34162953,3.5921876,99777564144000,1.9935931,Bike
Fix,GPS,37.4233982738,-122.1640658122,-5.559949417681301,5.265776,5.011553,284.55157,1676501412000,0.36447272,3.7769938,99778564349000,5.6653013,Bike
Fix,FLP,37.4233977,-122.1640668,5.896151656788653,5.26449,5.235,283.98917,1676501414179,0.36447272,3.7769938,99778564349000,2.0035832,Bike
Fix,GPS,37.4234098309,-122.1641255822,-5.016168805778033,5.421948,5.03187,283.782,1676501413000,0.36760587,3.683378,99779564350000,5.6653275,Bike
Fix,FLP,37.4234096,-122.1641253,13.993837980492742,5.4209332,5.245,283.00583,1676501415179,0.36760587,3.683378,99779564350000,2.0135832,Bike
Fix,GPS,37.423422434,-122.1641824697,-5.361984018074025,5.4193945,5.1126604,287.41223,1676501414000,0.37276265,3.7206209,99780564353000,5.723581,Bike
Fix,FLP,37.4234218,-122.1641834,3.682732788454288,5.4193773,5.015,286.97614,1676501416179,0.37276265,3.7206209,99780564353000,2.0235832,Bike
Fix,GPS,37.4234369481,-122.1642414362,-5.514536425597434,5.397777,5.1533566,288.80148,1676501415000,0.3636433,3.6850374,99781564202000,5.826326,Bike
Fix,FLP,37.4234366,-122.1642416,3.682732788454288,5.3979173,5.055,287.99402,1676501417180,0.3636433,3.6850374,99781564202000,2.0335932,Bike
Fix,GPS,37.4234524382,-122.1643054829,-5.522580420210125,5.5433435,5.1744485,288.15634,1676501416000,0.35390365,3.5208483,99782564182000,5.913624,Bike
Fix,FLP,37.4234521,-122.1643036,11.802619237331228,5.5425,5.096,288.0001,1676501418179,0.35390365,3.5208483,99782564182000,2.0435832,Bike
Fix,GPS,37.4234706507,-122.164375674,-5.416707184553205,5.306897,5.271802,290.01398,1676501417000,0.35669643,3.645359,99783564448000,5.9716825,Bike
Fix,FLP,37.4234696,-122.1643715,10.802469054276138,5.308324,5.148,289.988,1676501419179,0.35669643,3.645359,99783564448000,2.0535731,Bike
Fix,GPS,37.423487369,-122.1644441676,-4.725855266213169,5.4649124,5.3444743,288.81073,1676501418000,0.37096468,3.755182,99784564244000,6.0283394,Bike
Fix,FLP,37.4234869,-122.1644386,7.939471441497311,5.4638925,5.181,288.01202,1676501420180,0.37096468,3.755182,99784564244000,2.2410636,Bike
Fix,GPS,37.4235010518,-122.16451383,-3.676843717704037,5.621644,5.3083153,283.9463,1676501419000,0.38920236,3.8243694,99785564346000,6.036141,Bike
Fix,FLP,37.4235014,-122.1645083,15.930123683037522,5.62036,5.227,283.03284,1676501421180,0.38920236,3.8243694,99785564346000,2.2510836,Bike
Fix,GPS,37.4235124188,-122.1645768678,-3.5180411854028035,5.362095,5.323467,284.42868,1676501420000,0.38125485,3.891742,99786564552000,6.0640497,Bike
Fix,FLP,37.4235126,-122.1645747,15.930123683037522,5.3638797,5.284,283.99316,1676501422179,0.38125485,3.891742,99786564552000,2.2610936,Bike
Fix,GPS,37.4235220885,-122.1646328373,-3.900956857143251,5.142965,5.470238,285.53815,1676501421000,0.38525665,4.005296,99787564223000,6.186451,Bike
Fix,FLP,37.4235229,-122.1646331,2.6238178465701125,5.144505,5.343,284.99292,1676501423180,0.38525665,4.005296,99787564223000,2.2710936,Bike
Fix,GPS,37.4235316835,-122.1646881522,-3.503369043221238,5.1870627,5.505155,287.20984,1676501422000,0.39198792,4.055364,99788564400000,6.308044,Bike
Fix,FLP,37.4235328,-122.1646886,11.573091028125503,5.186768,5.37,286.98703,1676501424179,0.39198792,4.055364,99788564400000,2.2810836,Bike
Fix,GPS,37.4235446011,-122.164742947,-4.327384785785244,5.1080036,5.3325353,290.23572,1676501423000,0.36915287,3.8913782,99789564282000,6.349462,Bike
Fix,FLP,37.4235452,-122.1647435,14.176803073001786,5.1085,5.387,289.98187,1676501425180,0.36915287,3.8913782,99789564282000,2.2910936,Bike
Fix,GPS,37.4235603966,-122.1648010797,-4.720892478651884,4.8497887,5.266735,291.73602,1676501424000,0.35305887,3.9127238,99790564268000,6.3781877,Bike
Fix,FLP,37.4235606,-122.1648,11.573091028125503,4.8512964,5.367,290.99368,1676501426179,0.35305887,3.9127238,99790564268000,2.3010836,Bike
Fix,GPS,37.423575703,-122.1648584279,-5.098188814771115,4.746336,5.214956,290.04016,1676501425000,0.36126542,4.181408,99791564290000,6.3066072,Bike
Fix,FLP,37.4235693,-122.1648325,4.939227459966048,4.7998056,5.332,290.5307,1676501427179,0.36126542,4.181408,99791564290000,2.3110836,Bike
Fix,NLP,37.422266,-122.1651311,-1.6999999284744265,,52.763,,1676501427156,,,99791541000000,9.521729,Bike
Fix,GPS,37.4235891317,-122.164912004,-5.499571799901855,4.4867153,5.217999,287.62274,1676501426000,0.34684917,4.3778625,99792564394000,6.30824,Bike
Fix,FLP,37.423583,-122.1648856,-11.549423493182124,4.6122804,5.271,288.5392,1676501428180,0.34684917,4.3778625,99792564394000,2.2832541,Bike
Fix,GPS,37.4236015976,-122.1649610387,-5.573166816197739,4.237247,5.2137494,284.8355,1676501427000,0.35132015,4.8873854,99793564280000,6.2962956,Bike
Fix,FLP,37.4235996,-122.1649513,-5.599999904632568,4.239436,5.266,284.03088,1676501429179,0.35132015,4.8873854,99793564280000,5.8160586,Bike
Fix,GPS,37.4236087177,-122.1650124666,-5.095535285108224,3.8519576,5.332136,281.5922,1676501428000,0.36350176,5.522324,99794564366000,6.2645392,Bike
Fix,FLP,37.4236087,-122.1650074,-5.599999904632568,3.8543978,5.242,281.0219,1676501430180,0.36350176,5.522324,99794564366000,5.8260584,Bike
Fix,GPS,37.4236122191,-122.1650581947,-4.101293513838204,3.4614377,5.4065537,282.48514,1676501429000,0.34683207,5.6354647,99795564336000,6.233874,Bike
Fix,FLP,37.4236112,-122.1650357,-3.5822386635908003,3.525262,5.269,281.81976,1676501431180,0.34683207,5.6354647,99795564336000,5.3569274,Bike
Fix,GPS,37.4236126389,-122.1650998301,-4.154513323632164,3.8804386,5.423968,280.2282,1676501430000,0.35744256,5.017396,99796564360000,6.214234,Bike
Fix,FLP,37.4236159,-122.1650693,-1.6999999284744265,3.3853238,5.711,310.89023,1676501432254,,,99796638694836,5.366957,Bike
Fix,NLP,37.4234517,-122.1654208,5.300000190734863,,35.787,,1676501432132,,,99796517000000,13.341861,Bike
Fix,FLP,37.4236254,-122.1651092,0.1284010473085928,3.3927252,7.014,313.47974,1676501432797,,,99797181203808,5.5823145,Bike
Fix,GPS,37.4236131563,-122.1651490186,-4.489007264009498,3.9495513,5.4003797,274.46564,1676501431000,0.3621482,4.9209576,99797564584000,6.1943207,Bike
Fix,FLP,37.4236191,-122.1651594,-1.6999999284744265,3.916891,7.859,275.3601,1676501433882,,,99798266224620,5.588334,Bike
Fix,GPS,37.4236093393,-122.1651942016,-4.144145123001975,4.4205575,5.3911543,271.99173,1676501432000,0.38928846,4.6659126,99798564652000,6.201538,Bike
Fix,FLP,37.4236102,-122.165213,15.505826279294908,4.366229,8.053,274.0061,1676501434967,,,99799351240429,5.638219,Bike
Fix,GPS,37.423609044,-122.1652472057,-3.702468433918336,5.004234,5.45168,277.1799,1676501433000,0.441515,4.8040357,99799564447000,6.229024,Bike
Fix,FLP,37.4236084,-122.1652566,15.505826279294908,4.8876247,8.323,277.55734,1676501435509,,,99799893749828,5.854011,Bike
Fix,GPS,37.4236143264,-122.1653039453,-2.951818375500527,5.2970333,5.639017,282.33524,1676501434000,0.4513966,4.9726524,99800564447000,6.3050623,Bike
Fix,FLP,37.423613,-122.1652906,15.69135872453286,5.289712,8.888,281.9516,1676501436179,0.4513966,4.9726524,99800564447000,5.8640113,Bike
Fix,GPS,37.4236221889,-122.1653747828,-3.902856298087919,5.1559763,5.6157866,280.44543,1676501435000,0.47346023,5.4608006,99801564439000,6.3806934,Bike
Fix,NLP,37.4235296,-122.1654634,5.900000095367432,,17.359,,1676501437169,,,99801553000000,5.8634787,Bike
Fix,FLP,37.4236224,-122.1653654,10.9792853744531,5.1575155,8.421,280.02255,1676501437179,0.47346023,5.4608006,99801564439000,5.874001,Bike
Fix,GPS,37.4236275468,-122.165442042,-4.479129998621909,4.9856615,5.6964993,283.26315,1676501436000,0.43603685,5.0726056,99802564709000,6.483553,Bike
Fix,FLP,37.4236287,-122.1654361,5.900000095367432,4.9871497,7.639,282.97174,1676501438180,0.43603685,5.0726056,99802564709000,5.754687,Bike
Fix,GPS,37.4236361067,-122.1655039434,-4.330854096585291,5.108844,5.57863,283.62842,1676501437000,0.44628987,5.1039586,99803564489000,6.5049834,Bike
Fix,FLP,37.4236371,-122.1654993,13.963935474835507,5.107743,7.242,282.99933,1676501439179,0.44628987,5.1039586,99803564489000,5.796665,Bike
Fix,GPS,37.4236463837,-122.1655675485,-4.452514775860806,5.337191,5.6521153,283.3844,1676501438000,0.4575887,4.960245,99804564506000,6.549742,Bike
Fix,FLP,37.4236468,-122.1655632,16.275356280514565,5.334971,5.997,282.99973,1676501440180,0.4575887,4.960245,99804564506000,5.8185368,Bike
Fix,GPS,37.4236538111,-122.1656363152,-4.221531683486572,5.3017516,5.589833,281.52664,1676501439000,0.43508855,4.7655234,99805564825000,6.539342,Bike
Fix,FLP,37.4236551,-122.1656313,8.920035186758483,5.302083,5.624,281.01807,1676501441180,0.43508855,4.7655234,99805564825000,5.816665,Bike
Fix,GPS,37.4236604553,-122.1657016279,-4.457765755503905,4.973168,5.5681925,279.6312,1676501440000,0.41548216,4.9766426,99806564479000,6.5250006,Bike
Fix,FLP,37.4236618,-122.1656975,5.300000190734863,4.9758916,5.617,279.01895,1676501442179,0.41548216,4.9766426,99806564479000,5.826665,Bike
Fix,GPS,37.423666154,-122.165764985,-5.128292990471265,4.7953444,5.57686,279.53412,1676501441000,0.40862808,5.1627965,99807564595000,6.509812,Bike
Fix,FLP,37.423666,-122.1657582,13.496152419582115,5.0013175,6.253,278.96033,1676501443180,,,99807564595000,5.836685,Bike
Fix,GPS,37.4236719766,-122.1658287089,-4.9094794745775605,5.176066,5.556299,279.05222,1676501442000,0.39557484,4.7482247,99808564588000,6.4825125,Bike
Fix,FLP,37.4236693,-122.1657939,13.771852409736285,4.6552143,7.604,286.8825,1676501444238,,,99808623613658,5.846665,Bike
Fix,GPS,37.4236795439,-122.1658959112,-4.740462963031047,5.035049,5.5195875,281.2807,1676501443000,0.39273876,4.7604046,99809564732000,6.3922443,Bike
Fix,FLP,37.4236795,-122.1658755,11.55687735056334,5.0333586,8.47,281.08682,1676501445179,0.39273876,4.7604046,99809564732000,5.856655,Bike
Fix,GPS,37.4236901082,-122.1659578023,-4.985660874103684,5.108121,5.553229,282.3117,1676501444000,0.40767702,4.8221827,99810564571000,6.2890825,Bike
Fix,FLP,37.4236894,-122.1659485,11.55687735056334,5.1075864,8.106,281.99197,1676501446180,0.40767702,4.8221827,99810564571000,5.8666654,Bike
Fix,GPS,37.4236936266,-122.1660169443,-4.690782580444859,5.164136,5.426185,280.52557,1676501445000,0.3863851,4.3379827,99811564628000,6.2450414,Bike
Fix,FLP,37.4236954,-122.1660128,18.67513777726287,5.163747,8.445,280.01392,1676501447180,0.3863851,4.3379827,99811564628000,5.339474,Bike
Fix,GPS,37.4236956341,-122.1660748296,-3.5761457847778564,5.148659,5.407473,281.20447,1676501446000,0.3654386,3.9766297,99812564683000,6.206864,Bike
Fix,FLP,37.4236983,-122.1660733,12.006311741739346,5.1487594,7.869,280.9937,1676501448180,0.3654386,3.9766297,99812564683000,5.349474,Bike
Fix,GPS,37.423703102,-122.1661323089,-2.533894513142396,5.109234,5.4958134,284.08337,1676501447000,0.4191486,4.761611,99813564943000,6.2243786,Bike
Fix,FLP,37.4237045,-122.1661317,5.900000095367432,5.109494,6.867,283.97406,1676501449180,0.4191486,4.761611,99813564943000,5.359464,Bike
Fix,GPS,37.423713689,-122.1661928641,-1.8606197593813896,5.382918,5.5521746,284.1403,1676501448000,0.48331037,5.361068,99814564664000,6.26641,Bike
Fix,FLP,37.4237144,-122.1661911,8.338571471155554,5.3798947,5.492,283.99896,1676501450179,0.48331037,5.361068,99814564664000,5.369464,Bike
Fix,GPS,37.4237265621,-122.1662587353,-1.5947969100964126,5.411302,5.500264,280.82074,1676501449000,0.4076813,4.51731,99815564653000,6.2145743,Bike
Fix,FLP,37.4237264,-122.1662557,10.898222992050052,5.411032,5.476,280.0338,1676501451179,0.4076813,4.51731,99815564653000,5.379464,Bike
Fix,GPS,37.4237420833,-122.1663169408,-2.284306087934457,5.208366,5.5174627,281.10428,1676501450000,0.40447435,4.6134777,99816564986000,6.218353,Bike
Fix,FLP,37.4237396,-122.1663166,5.900000095367432,5.2099366,5.494,280.99225,1676501452180,0.40447435,4.6134777,99816564986000,5.389474,Bike
Fix,GPS,37.4237568752,-122.1663752888,-3.130670852819455,5.170865,5.5077653,282.57602,1676501451000,0.39226222,4.4581037,99817564705000,6.215694,Bike
Fix,FLP,37.4237539,-122.166375,10.898222992050052,5.171148,5.514,281.99265,1676501453180,0.39226222,4.4581037,99817564705000,5.399474,Bike
Fix,GPS,37.4237698876,-122.1664374092,-3.584399542565095,5.0488544,5.5964417,282.51797,1676501452000,0.39518297,4.7483478,99818564677000,6.2555385,Bike
Fix,FLP,37.4237676,-122.1664356,15.66905406222122,5.0497866,5.528,282.0004,1676501454179,0.39518297,4.7483478,99818564677000,5.4094644,Bike
Fix,GPS,37.4237803676,-122.166492053,-3.1249285143205725,5.4232388,5.5595036,278.83618,1676501453000,0.37249112,4.041103,99819564692000,6.2583175,Bike
Fix,FLP,37.4237792,-122.1664919,5.900000095367432,5.4207153,5.536,278.0257,1676501455179,0.37249112,4.041103,99819564692000,5.419464,Bike
Fix,GPS,37.4237873933,-122.1665512841,-3.4571493012990016,5.232972,5.6172595,277.88144,1676501454000,0.39177987,4.510256,99820564705000,6.2775326,Bike
Fix,FLP,37.4237869,-122.1665518,-7.284172596403089,5.2343426,5.559,277.00876,1676501456179,0.39177987,4.510256,99820564705000,5.4294643,Bike
Fix,GPS,37.4237976718,-122.1666014909,-3.8802956323267432,4.6561027,5.622802,279.78818,1676501455000,0.37500626,4.8492846,99821564745000,6.3124146,Bike
Fix,FLP,37.4237959,-122.1666048,15.66905406222122,4.65992,5.57,278.9846,1676501457179,0.37500626,4.8492846,99821564745000,5.439464,Bike
Fix,GPS,37.4238124758,-122.1666554794,-4.448910893347243,4.338627,5.7640142,281.39835,1676501456000,0.38757166,5.1402483,99822564896000,6.3378096,Bike
Fix,FLP,37.4238083,-122.1666534,14.109394420289108,4.3414226,5.63,280.9814,1676501458179,0.38757166,5.1402483,99822564896000,5.4494643,Bike
Fix,NLP,37.4238188,-122.1664721,-0.1999998986721038,,41.506,,1676501458091,,,99822476000000,4.1244593,Bike
Fix,GPS,37.4238299131,-122.1667089951,-4.960871796587095,4.073439,5.9900813,295.74588,1676501457000,0.41782662,5.7985063,99823565079000,6.381976,Bike
Fix,FLP,37.4238235,-122.1667015,-0.1999998986721038,4.0757246,5.713,294.77734,1676501459181,0.41782662,5.7985063,99823565079000,3.718818,Bike
Fix,GPS,37.4238559382,-122.1667523999,-4.604892120783631,4.1411567,6.1065626,309.1977,1676501458000,0.4891394,6.592398,99824564805000,6.4137745,Bike
Fix,FLP,37.4238447,-122.1667397,-0.1999998986721038,4.1337585,5.804,308.42395,1676501460179,0.4891394,6.592398,99824564805000,4.1987805,Bike
Fix,GPS,37.4238922463,-122.1667910871,-3.641750503333738,4.103621,6.2213545,319.96545,1676501459000,0.43187433,5.852991,99825564822000,6.4276714,Bike
Fix,FLP,37.4238807,-122.1667834,-6.626427895005577,4.103402,5.895,318.86423,1676501461179,0.43187433,5.852991,99825564822000,4.802502,Bike
Fix,GPS,37.4239350351,-122.1668164926,-3.408672411837204,4.199615,6.271332,324.23682,1676501460000,0.43179786,5.702134,99826564837000,6.4551086,Bike
Fix,FLP,37.4239187,-122.1668116,-16.912931983423782,4.1970315,5.983,323.88474,1676501462180,0.43179786,5.702134,99826564837000,5.2926407,Bike
Fix,NLP,37.4237961,-122.1665185,-1.1999999284744265,,72.9,,1676501463132,,,99827517000000,7.0070148,Bike
Fix,FLP,37.4239445,-122.1668318,-19.339990551564547,4.233219,6.536,306.4345,1676501463191,,,99827575206005,5.232256,Bike
Fix,GPS,37.423976532,-122.1668329751,-4.052474594123671,3.8667753,6.226655,326.03635,1676501461000,0.37125367,5.418624,99827564829000,6.5075088,Bike
Fix,GPS,37.4240140705,-122.166848659,-4.516316755619863,3.54611,6.032567,324.3857,1676501462000,0.36283475,5.686036,99828564836000,6.399086,Bike
Fix,FLP,37.4239727,-122.1668524,-14.091174821718376,3.9441023,7.816,314.34326,1676501464276,,,99828660219494,5.2451096,Bike
Fix,GPS,37.4240481227,-122.1668659278,-5.337790066442043,3.4118044,5.9262347,323.2405,1676501463000,0.39685652,6.4336886,99829564874000,6.3158603,Bike
Fix,FLP,37.4240085,-122.1668622,9.323740401555746,3.6186016,8.823,321.51685,1676501464818,,,99829202724559,5.255783,Bike
Fix,FLP,37.4240283,-122.166866,9.323740401555746,3.497608,8.909,323.88882,1676501465361,,,99829745232861,5.255783,Bike
Fix,GPS,37.4240855752,-122.1668829092,-6.196437790446795,3.4818957,5.7289534,319.4181,1676501464000,0.4003056,6.354857,99830564892000,6.2554355,Bike
Fix,FLP,37.4240543,-122.1668777,9.323740401555746,3.4443853,9.542,330.1163,1676501465903,,,99830287740490,5.26705,Bike
Fix,FLP,37.4240726,-122.1668819,9.323740401555746,3.4726405,9.507,324.25027,1676501466416,,,99830800000000,5.26705,Bike
Fix,GPS,37.4241230644,-122.1669108939,-7.249623220638537,3.5025616,5.70954,326.40634,1676501465000,0.39489207,6.0791345,99831564924000,6.2753234,Bike
Fix,FLP,37.4241012,-122.1668992,9.323740401555746,3.4814608,10.137,322.74512,1676501466988,,,99831372753979,5.26705,Bike
Fix,FLP,37.4241361,-122.1669178,17.54690717396855,3.5186093,9.906,329.6741,1676501468073,,,99832457766674,5.277,Bike
Fix,GPS,37.4241603791,-122.1669337832,-7.527542817277483,3.147584,5.692278,326.5882,1676501466000,0.38112903,6.3824286,99832564908000,6.248972,Bike
Fix,NLP,37.4241692,-122.1671052,1.2000000476837158,,43.546,,1676501468193,,,99832577000000,15.85325,Bike
Fix,FLP,37.4241667,-122.1669346,13.702419763642062,3.210536,9.554,327.86115,1676501468615,,,99833000271984,5.3057384,Bike
Fix,GPS,37.4241998211,-122.1669587655,-7.04971652041375,3.3986719,5.820244,316.5194,1676501467000,0.40994194,6.700049,99833565002000,6.209376,Bike
Fix,FLP,37.4241765,-122.1669429,17.54690717396855,3.1741276,9.474,325.6512,1676501469158,,,99833542776561,5.2727103,Bike
Fix,FLP,37.4241983,-122.1669631,17.54690717396855,3.3584635,9.417,315.51743,1676501469701,,,99834085284435,5.2727103,Bike
Fix,GPS,37.4242359163,-122.1669962811,-6.6268080490667005,3.6428063,5.827806,314.09006,1676501468000,0.43033662,6.6072893,99834564977000,6.218685,Bike
Fix,FLP,37.424209,-122.1669783,16.993241887843297,3.4048831,9.372,310.99405,1676501470242,,,99834627791820,5.28274,Bike
Fix,GPS,37.4242681992,-122.1670356133,-6.391857625138708,3.7151568,5.88127,312.1863,1676501469000,0.43261823,6.525567,99835564989000,6.2825093,Bike
Fix,FLP,37.4242309,-122.1670093,16.993241887843297,3.5942805,9.377,305.8115,1676501470786,,,99835170296947,5.2927303,Bike
Fix,FLP,37.4242526,-122.1670316,16.993241887843297,3.7077723,9.463,309.11038,1676501471327,,,99835712804272,5.2927303,Bike
Fix,GPS,37.4242981575,-122.1670754355,-5.855598335198192,3.6533191,5.7462597,306.9958,1676501470000,0.4164005,6.3988004,99836564960000,6.321417,Bike
Fix,FLP,37.4242652,-122.1670494,16.993241887843297,3.742114,9.502,303.5814,1676501471870,,,99836255304759,5.306951,Bike
Fix,FLP,37.4242791,-122.1670672,16.993241887843297,3.697105,9.54,303.45728,1676501472413,,,99836797816845,5.306951,Bike
Fix,GPS,37.4243218192,-122.1671185009,-4.83726266186513,3.806902,5.901305,301.06128,1676501471000,0.4319448,6.4551907,99837564986000,6.403784,Bike
Fix,FLP,37.4242933,-122.1670898,19.08083053126452,3.6835055,9.633,300.2529,1676501472956,,,99837340321850,5.3169007,Bike
Fix,FLP,37.4243052,-122.167113,19.08083053126452,3.806176,9.662,298.09314,1676501473476,,,99837860798107,5.3169007,Bike
Fix,GPS,37.4243372169,-122.1671614188,-4.497481168200475,4.1591997,5.8391213,292.2601,1676501472000,0.46870568,6.763668,99838564980000,6.444488,Bike
Fix,FLP,37.4243186,-122.1671434,11.00309759699443,3.832405,9.722,295.13962,1676501474041,,,99838425334972,5.326901,Bike
Fix,GPS,37.4243484051,-122.1672154358,-4.0548321118995,4.7100344,5.935897,285.25546,1676501473000,0.4829875,6.0784783,99839564994000,6.5197086,Bike
Fix,FLP,37.4243398,-122.1671978,10.25329810652758,4.117094,9.749,294.45453,1676501475125,,,99839510348705,5.3369207,Bike
Fix,FLP,37.4243523,-122.1672408,10.25329810652758,4.6578465,9.66,287.49396,1676501475668,,,99840052856457,5.3369207,Bike
Fix,GPS,37.4243597944,-122.1672728919,-3.925992799498241,5.1256447,6.0454626,284.98056,1676501474000,0.4947151,5.763885,99840565016000,6.586785,Bike
Fix,FLP,37.4243532,-122.1672505,18.61124294322873,4.6995173,9.579,286.10373,1676501476211,,,99840595363048,5.346891,Bike
Fix,FLP,37.4243607,-122.1672921,18.61124294322873,5.058869,9.487,284.86902,1676501476753,,,99841137870983,5.346891,Bike
Fix,GPS,37.4243689213,-122.1673390125,-3.861484663590677,5.544789,6.097396,283.2367,1676501475000,0.47703725,5.2881846,99841565067000,6.594262,Bike
Fix,FLP,37.4243668,-122.1673254,15.291911410256624,5.534314,9.153,283.04407,1676501477181,0.47703725,5.2881846,99841565067000,5.3569007,Bike
Fix,GPS,37.4243809127,-122.1674094696,-4.7589169250103565,5.4113173,6.161555,287.79663,1676501476000,0.492858,5.5638323,99842565397000,6.6340632,Bike
Fix,FLP,37.4243798,-122.1674002,-1.1999999284744265,5.4126005,8.716,286.9489,1676501478181,0.492858,5.5638323,99842565397000,5.366911,Bike
Fix,GPS,37.4243962387,-122.1674698614,-5.123389968840704,5.4523125,6.40653,291.914,1676501477000,0.5728401,6.331904,99843565064000,6.78319,Bike
Fix,FLP,37.4243953,-122.1674654,-1.1999999284744265,5.4514165,8.253,290.933,1676501479180,0.5728401,6.331904,99843565064000,5.3769207,Bike
Fix,GPS,37.4244110168,-122.1675350952,-4.682376318778525,5.7176714,6.687234,289.5301,1676501478000,0.5248295,5.468912,99844565123000,6.9490147,Bike
Fix,FLP,37.4244118,-122.16753,4.913913475740529,5.7142825,7.748,289.02408,1676501480181,0.5248295,5.468912,99844565123000,5.386891,Bike
Fix,GPS,37.4244264258,-122.1675980185,-4.041601790055414,5.4292026,6.921854,289.3421,1676501479000,0.5153831,5.6675262,99845565115000,7.1669087,Bike
Fix,FLP,37.4244273,-122.167595,9.77001665716758,5.4328437,6.908,289.00076,1676501481181,0.5153831,5.6675262,99845565115000,5.3969107,Bike
Fix,GPS,37.4244443151,-122.1676592122,-4.278075516452286,5.0633264,6.9844565,287.83615,1676501480000,0.4954783,5.9127626,99846565107000,7.336353,Bike
Fix,FLP,37.4244438,-122.1676566,4.913913475740529,5.06771,6.632,287.0282,1676501482180,0.4954783,5.9127626,99846565107000,5.406891,Bike
Fix,GPS,37.4244551796,-122.1677190861,-4.282484254745871,5.2379174,6.803316,284.5529,1676501481000,0.49132624,5.7937818,99847565086000,7.3465524,Bike
Fix,FLP,37.424456,-122.1677159,8.190172939792944,5.236006,6.66,284.03693,1676501483181,0.49132624,5.7937818,99847565086000,5.4168906,Bike
Fix,GPS,37.4244650854,-122.1677808471,-4.564712428569403,5.5148425,6.822969,287.0868,1676501482000,0.49316296,5.468648,99848565100000,7.350675,Bike
Fix,FLP,37.4244661,-122.1677777,14.750558627527276,5.51144,6.843,286.9628,1676501484180,0.49316296,5.468648,99848565100000,5.426891,Bike
Fix,GPS,37.4244753183,-122.1678446869,-5.056035720000362,5.1819715,6.786661,288.95737,1676501483000,0.45985535,5.1848354,99849565168000,7.3551064,Bike
Fix,FLP,37.4244775,-122.1678416,12.186193531934045,5.185275,6.863,287.98853,1676501485181,0.45985535,5.1848354,99849565168000,5.4369206,Bike
Fix,GPS,37.4244884393,-122.1678999647,-5.08457522063472,4.981746,6.72777,287.2173,1676501484000,0.43302006,4.9883966,99850565231000,7.30393,Bike
Fix,FLP,37.4244899,-122.1678989,-1.1999999284744265,4.9835453,6.825,287.00894,1676501486181,0.43302006,4.9883966,99850565231000,5.446901,Bike
Fix,GPS,37.4244988126,-122.167953167,-5.283327273715364,4.9815927,6.579639,285.4605,1676501485000,0.4035409,4.660795,99851565189000,7.2158265,Bike
Fix,FLP,37.4245015,-122.1679533,-10.050083601128762,5.117338,7.586,285.5949,1676501487181,,,99851565189000,5.4569106,Bike
Fix,FLP,37.4245096,-122.1679709,-10.050083601128762,4.718567,8.013,336.85413,1676501487720,,,99852104000000,5.4569106,Bike
Fix,GPS,37.4245054529,-122.1680115092,-5.222554675474172,4.9436994,6.5440187,283.6474,1676501486000,0.4268153,4.9383817,99852565186000,7.165724,Bike
Fix,FLP,37.4245212,-122.1679713,-13.357676862847365,4.819135,8.964,355.19855,1676501488300,,,99852684229015,5.466901,Bike
Fix,GPS,37.4245174266,-122.1680669864,-5.001546469479522,5.04881,6.5057015,281.84573,1676501487000,0.46896282,5.269164,99853565228000,7.173566,Bike
Fix,FLP,37.424534,-122.1680002,-10.538775326807674,5.2453933,9.886,306.68692,1676501488842,,,99853226737133,5.476901,Bike
Fix,FLP,37.4245354,-122.1680284,-10.538775326807674,5.2375607,10.012,294.16522,1676501489385,,,99853769245678,5.476901,Bike
Fix,FLP,37.4245397,-122.1680716,-10.538775326807674,5.130968,10.131,286.07297,1676501489927,,,99854311753734,5.476901,Bike
Fix,GPS,37.4245291418,-122.1681200206,-5.252937172733871,5.2430406,6.327898,279.31448,1676501488000,0.4599951,5.144033,99854565211000,7.155376,Bike
Fix,FLP,37.4245339,-122.1680979,-8.496391926019506,5.231917,10.08,279.1547,1676501490181,0.4599951,5.144033,99854565211000,5.486901,Bike
Fix,GPS,37.4245371782,-122.1681753601,-5.549759882361813,5.1537385,6.3132305,277.79453,1676501489000,0.47032133,5.3151107,99855565269000,7.232011,Bike
Fix,FLP,37.4245389,-122.1681676,-6.777597425036952,5.1546054,10.034,277.0231,1676501491180,0.47032133,5.3151107,99855565269000,5.496901,Bike
Fix,GPS,37.4245481816,-122.1682258688,-6.712732938741777,4.92003,6.387356,278.42575,1676501490000,0.45593816,5.3679137,99856565282000,7.299995,Bike
Fix,FLP,37.4245467,-122.1682257,-7.2720394142078675,4.9223247,9.545,277.99008,1676501492180,0.45593816,5.3679137,99856565282000,5.506911,Bike
Fix,GPS,37.4245509028,-122.1682772059,-7.19571546664014,4.9513507,6.2343826,273.67746,1676501491000,0.4806861,5.7172074,99857565315000,7.298337,Bike
Fix,FLP,37.4245524,-122.1682804,-3.384480148503151,5.044956,9.243,275.03537,1676501493181,,,99857565315000,5.516901,Bike
Fix,GPS,37.4245489328,-122.1683380877,-9.404589083640902,4.8380723,6.295577,273.68283,1676501492000,0.47980538,5.973535,99858565349000,7.310124,Bike
Fix,FLP,37.4245575,-122.1683205,-3.384480148503151,2.7701643,9.425,43.074265,1676501494262,,,99858647286144,5.526911,Bike
Fix,FLP,37.4245611,-122.1683218,-3.384480148503151,4.094368,9.806,286.57422,1676501494804,,,99859189806042,5.526911,Bike
Fix,GPS,37.424551817,-122.1683972266,-9.286747907942722,5.248732,6.308464,277.9862,1676501493000,0.477599,5.5795636,99859565346000,7.2917414,Bike
Fix,FLP,37.4245565,-122.1683713,-3.384480148503151,5.2185864,9.643,277.12317,1676501495180,0.477599,5.5795636,99859565346000,5.536911,Bike
Fix,GPS,37.4245546386,-122.1684693121,-10.373389182060016,5.302906,6.1421943,277.31668,1676501494000,0.3919425,4.3865957,99860565368000,7.1699905,Bike
Fix,FLP,37.4245576,-122.168454,-7.803860885884383,5.3024244,9.622,277.00024,1676501496181,0.3919425,4.3865957,99860565368000,5.5469007,Bike
Fix,GPS,37.4245582841,-122.1685331019,-10.714694148635669,5.1043468,6.0900917,281.28665,1676501495000,0.38855603,4.203233,99861565384000,7.0585318,Bike
Fix,FLP,37.4245603,-122.1685256,-16.50490364772856,5.1057396,9.585,280.97183,1676501497181,0.38855603,4.203233,99861565384000,5.556901,Bike
Fix,NLP,37.4244064,-122.1688878,0.2999999821186065,,29.99,,1676501497342,,,99861726000000,3.5723076,Bike
Fix,FLP,37.4245605,-122.1685341,-14.701364295119255,5.105593,9.303,280.96927,1676501497341,0.38855603,4.203233,99861726000000,5.2361636,Bike
Fix,GPS,37.4245672064,-122.1685953915,-9.78148375862151,5.107652,6.141609,284.95847,1676501496000,0.4160773,4.638875,99862565431000,7.0003314,Bike
Fix,FLP,37.4245676,-122.1685897,-14.701364295119255,5.1082797,8.798,283.97278,1676501498180,0.4160773,4.638875,99862565431000,5.2277617,Bike
Fix,GPS,37.4245796824,-122.1686518141,-9.03632335994611,5.0576353,6.240864,285.30304,1676501497000,0.44121447,5.029812,99863565388000,6.997182,Bike
Fix,FLP,37.4245793,-122.1686494,7.051186987912168,5.058113,7.715,284.99036,1676501499181,0.44121447,5.029812,99863565388000,5.233755,Bike
Fix,GPS,37.4245898898,-122.1687084569,-8.636043998939513,4.688106,6.239194,286.01923,1676501498000,0.43473983,5.240369,99864565403000,6.99658,Bike
Fix,FLP,37.4245901,-122.168706,15.485042843701663,4.8639216,7.042,285.93042,1676501500180,,,99864565403000,5.2437453,Bike
Fix,FLP,37.4246038,-122.1687426,15.485042843701663,4.737305,8.291,339.71085,1676501501225,,,99865609475597,5.2437453,Bike
Fix,GPS,37.4245983439,-122.1687581882,-8.828730673385277,4.040799,6.561772,286.9798,1676501499000,0.47981688,6.6729093,99865565358000,7.1551404,Bike
Fix,FLP,37.424625,-122.1687641,14.714064181659914,4.198153,9.83,301.18344,1676501501767,,,99866151970470,5.219508,Bike
Fix,GPS,37.4246086405,-122.1687960242,-8.775265764985756,3.8109338,6.9314365,292.5385,1676501500000,0.57031894,8.401572,99866565456000,7.3908176,Bike
Fix,FLP,37.4246196,-122.1687757,13.754114088248286,4.1223145,10.068,294.7174,1676501502310,,,99866694488537,5.2294884,Bike
Fix,FLP,37.4246277,-122.1688173,13.754114088248286,3.8685763,10.678,288.80893,1676501502852,,,99867236985607,5.2294884,Bike
Fix,GPS,37.4246147668,-122.1688339396,-8.44467697773035,2.6491723,7.36985,290.88058,1676501501000,0.53006953,11.170385,99867565424000,7.6518793,Bike
Fix,FLP,37.4246266,-122.1688417,4.845059822153949,2.835852,11.579,288.2416,1676501503394,,,99867779504161,5.239488,Bike
Fix,FLP,37.4246262,-122.1688543,4.845059822153949,2.6898074,11.738,283.1939,1676501503937,,,99868322007824,5.239488,Bike
Fix,GPS,37.4246161344,-122.1688586282,-8.338662220440183,1.8271744,7.7751665,287.08582,1676501502000,0.4503184,11.966347,99868565524000,7.8801684,Bike
Fix,GPS,37.4246199406,-122.1688889986,-8.02180987949109,1.7902473,7.9088697,293.51654,1676501503000,0.4197049,11.781793,99869565552000,7.9801245,Bike
Fix,FLP,37.4246273,-122.1688862,0.2999999821186065,1.8997878,12.764,290.9957,1676501505022,,,99869407017589,5.259498,Bike
Fix,FLP,37.4246281,-122.168897,0.2999999821186065,1.8090175,12.92,291.5179,1676501505565,,,99869949526562,5.259498,Bike
Fix,GPS,37.424629497,-122.1689244391,-9.214450113197332,2.4216967,7.8864374,299.67108,1676501504000,0.4184169,9.143078,99870565516000,8.074958,Bike
Fix,FLP,37.424631,-122.1689127,0.2999999821186065,1.7946631,13.011,290.76773,1676501506107,,,99870492035045,5.2695084,Bike
Fix,FLP,37.4246394,-122.1689452,0.2999999821186065,2.3447185,13.464,295.3415,1676501507193,,,99871577044445,5.2695084,Bike
Fix,GPS,37.4246440284,-122.1689622904,-10.783267308910403,2.1840534,7.6709986,296.4182,1676501505000,0.41995797,10.00145,99871565570000,8.099287,Bike
Fix,GPS,37.4246602275,-122.1690100163,-11.679133486882986,2.2808034,7.1504164,295.5544,1676501506000,0.3642059,8.147475,99872565539000,7.94458,Bike
Fix,FLP,37.4246533,-122.1689835,0.2999999821186065,2.22651,13.787,294.11395,1676501508277,,,99872662055675,5.2894883,Bike
Fix,GPS,37.4246721558,-122.1690542637,-12.71504648231948,2.6927476,7.026287,268.725,1676501507000,0.3608233,6.0462885,99873565494000,7.8941603,Bike
Fix,FLP,37.424665,-122.1690168,-14.7195480737742,2.2739096,13.71,289.09686,1676501508820,,,99873204561230,5.299488,Bike
Fix,FLP,37.4246671,-122.1690324,-14.7195480737742,2.5578506,13.613,275.09344,1676501509363,,,99873747054760,5.299488,Bike
Fix,FLP,37.4246681,-122.1690571,-14.7195480737742,2.6659033,13.505,266.3527,1676501509883,,,99874267000000,5.299488,Bike
Fix,GPS,37.4246727351,-122.1691197184,-12.64304840139338,3.8632371,6.451824,255.01787,1676501508000,0.28996506,4.0337234,99874565572000,7.8073273,Bike
Fix,FLP,37.4246667,-122.1691162,-10.782894011882776,3.739867,13.083,265.7614,1676501510958,,,99875343000000,5.4944863,Bike
Fix,GPS,37.4246573156,-122.1691895863,-11.186255016857308,3.945263,6.0828323,254.69402,1676501509000,0.3493156,4.714321,99875565624000,7.680302,Bike
Fix,GPS,37.4246442529,-122.1692459754,-9.903876491894511,3.6206794,5.892096,261.55212,1676501510000,0.29421467,4.3671494,99876565603000,7.53276,Bike
Fix,FLP,37.4246577,-122.1691954,-8.955984888005702,3.920525,12.352,258.36066,1676501512075,,,99876459592113,5.5144463,Bike
Fix,GPS,37.4246350179,-122.1693007016,-9.060155941519549,3.3827367,5.9199605,268.78006,1676501511000,0.30543536,4.890655,99877565593000,7.4005604,Bike
Fix,FLP,37.4246469,-122.1692615,-5.528012051511091,3.6682484,11.678,259.78552,1676501513160,,,99877544602062,5.524436,Bike
Fix,FLP,37.4246374,-122.1693234,-5.528012051511091,3.4192784,11.232,265.32935,1676501514221,,,99878606000000,5.524436,Bike
Fix,GPS,37.424630977,-122.1693529173,-8.599581625183005,3.100589,5.8397512,273.00916,1676501512000,0.28202546,3.9538774,99878565604000,7.193523,Bike
Fix,FLP,37.424633,-122.1693608,-5.975205167035398,3.1488128,10.883,267.56082,1676501514757,,,99879141000000,5.3489294,Bike
Fix,GPS,37.4246243773,-122.1694116853,-8.556192030164755,3.7604897,5.5393496,268.30515,1676501513000,0.26613715,3.1812425,99879565790000,6.9455004,Bike
Fix,FLP,37.4246313,-122.1693842,-5.2425196258710045,3.114187,10.459,267.62927,1676501515330,,,99879714620678,5.358859,Bike
Fix,GPS,37.4246187583,-122.1694690263,-8.626169504308807,4.2977066,5.38243,273.53268,1676501514000,0.2988877,3.5141768,99880565704000,6.6999593,Bike
Fix,FLP,37.4246271,-122.1694269,0.2999999821186065,3.6608615,10.204,269.01346,1676501515872,,,99880257124767,5.3688593,Bike
Fix,FLP,37.4246232,-122.169454,0.2999999821186065,4.1784186,10.069,271.38483,1676501516415,,,99880799629223,5.3688593,Bike
Fix,GPS,37.4246198604,-122.1695301664,-8.378728373650853,4.6032505,5.2503414,279.9443,1676501515000,0.3273091,3.9746885,99881565609000,6.434121,Bike
Fix,FLP,37.4246226,-122.1694897,18.881531532846655,4.263392,9.878,275.93002,1676501516957,,,99881342133251,5.378869,Bike
Fix,GPS,37.4246258324,-122.1695914315,-7.524809265640817,4.834891,5.1985235,284.33163,1676501516000,0.351391,4.038123,99882565679000,6.2457967,Bike
Fix,FLP,37.4246256,-122.1695537,18.881531532846655,4.561566,9.787,278.78702,1676501518042,,,99882427129650,5.378869,Bike
Fix,FLP,37.4246339,-122.1696197,17.253845389795963,4.761182,9.776,284.8419,1676501519122,,,99883507000000,5.3888593,Bike
Fix,GPS,37.4246336997,-122.1696559299,-6.529767257786964,5.0694394,5.3465033,286.15164,1676501517000,0.4068779,4.46157,99883565651000,6.1950765,Bike
Fix,FLP,37.4246423,-122.1696667,18.49258238988217,5.031104,9.603,284.78036,1676501519670,,,99884054651745,5.398869,Bike
Fix,GPS,37.4246423856,-122.1697215696,-5.885394807065519,5.130345,5.4796147,277.4858,1676501518000,0.41221,4.468318,99884565720000,6.254492,Bike
Fix,FLP,37.4246434,-122.1697078,14.215829380787136,5.1289735,9.26,277.07236,1676501520180,0.41221,4.468318,99884565720000,5.4088693,Bike
Fix,GPS,37.4246423229,-122.1697841353,-5.8393371248368044,5.323988,5.5513287,263.82883,1676501519000,0.42095453,4.3623433,99885565712000,6.3310018,Bike
Fix,FLP,37.4246447,-122.1697774,11.063895065192632,5.321233,8.633,263.10425,1676501521180,0.42095453,4.3623433,99885565712000,5.4188495,Bike
Fix,GPS,37.4246337687,-122.1698473945,-5.6835834990013,5.431283,5.7220383,265.00992,1676501520000,0.40113705,4.1245017,99886565728000,6.356563,Bike
Fix,FLP,37.4246357,-122.1698436,11.063895065192632,5.4304504,8.207,264.98636,1676501522181,0.40113705,4.1245017,99886565728000,5.428859,Bike
Fix,GPS,37.4246330281,-122.169919991,-5.221713995200235,5.520759,5.49034,274.94345,1676501521000,0.37896264,3.9478822,99887565760000,6.37694,Bike
Fix,FLP,37.4246325,-122.1699148,14.215829380787136,5.519726,7.535,273.93942,1676501523181,0.37896264,3.9478822,99887565760000,5.4388595,Bike
Fix,GPS,37.4246393731,-122.1699909889,-4.172163214756309,5.1849446,5.4643345,283.22342,1676501522000,0.41073117,4.5836797,99888565783000,6.3655615,Bike
Fix,FLP,37.4246382,-122.1699862,6.46377533972602,5.187091,6.125,282.92203,1676501524180,0.41073117,4.5836797,99888565783000,5.448859,Bike
Fix,GPS,37.4246485988,-122.1700498799,-2.9254974624604864,5.36051,5.672987,283.48676,1676501523000,0.4221031,4.458302,99889565798000,6.3802123,Bike
Fix,FLP,37.4246486,-122.1700475,6.46377533972602,5.359072,5.58,282.9994,1676501525181,0.4221031,4.458302,99889565798000,5.4594884,Bike
Fix,GPS,37.4246596145,-122.1701106069,-2.524681380101859,5.6860986,5.766693,285.97266,1676501524000,0.4328447,4.397255,99890565809000,6.460032,Bike
Fix,FLP,37.4246596,-122.1701092,16.410208672076756,5.6831756,5.623,284.9829,1676501526181,0.4328447,4.397255,99890565809000,5.469488,Bike
Fix,GPS,37.4246772156,-122.1701765565,-3.132478167145876,5.8532643,5.8848934,285.1151,1676501525000,0.45496416,4.4971886,99891565846000,6.539249,Bike
Fix,FLP,37.4246755,-122.1701746,8.839499062952953,5.8516245,5.655,284.99994,1676501527181,0.45496416,4.4971886,99891565846000,5.4794784,Bike
Fix,GPS,37.4246918195,-122.1702440433,-3.754374779669909,5.9008055,6.026807,285.32242,1676501526000,0.4469058,4.403801,99892565804000,6.662159,Bike
Fix,FLP,37.4246908,-122.1702419,14.855481037025784,5.9003654,5.763,285.00006,1676501528180,0.4469058,4.403801,99892565804000,5.489478,Bike
Fix,GPS,37.4247098899,-122.1703156499,-4.918479441575851,5.708001,5.891984,292.01505,1676501527000,0.43381885,4.252069,99893565842000,6.740891,Bike
Fix,FLP,37.4247079,-122.1703122,17.991589527195394,5.709424,5.848,291.93808,1676501529180,0.43381885,4.252069,99893565842000,5.4994884,Bike
Fix,GPS,37.4247329636,-122.1703766419,-4.6232086188315975,5.27001,5.9518027,305.6848,1676501528000,0.44651106,4.7120156,99894565797000,6.815679,Bike
Fix,FLP,37.4247308,-122.1703749,17.991589527195394,5.2728386,5.866,304.87204,1676501530181,0.44651106,4.7120156,99894565797000,5.509498,Bike
Fix,NLP,37.4246997,-122.1702632,1.2999999523162842,,62.344,,1676501530892,,,99895276000000,1.4125819,Bike
Fix,FLP,37.4247447,-122.1703993,16.05229689637367,5.265662,6.622,304.87537,1676501530892,0.44651106,4.7120156,99895276000000,5.1251736,Bike
Fix,GPS,37.4247671969,-122.1704314112,-4.41184512512366,5.2105017,5.957109,307.61395,1676501529000,0.45140538,4.8531423,99895565838000,6.869828,Bike
Fix,FLP,37.4247608,-122.1704232,10.521293124894749,5.2136908,6.654,306.98367,1676501531181,0.45140538,4.8531423,99895565838000,5.1362596,Bike
Fix,GPS,37.4248018345,-122.1704760958,-4.111426065259213,5.6113577,6.0245924,306.3465,1676501530000,0.4555252,4.579863,99896565884000,6.864098,Bike
Fix,FLP,37.4247968,-122.1704739,16.05229689637367,5.6075706,6.677,306.00943,1676501532181,0.4555252,4.579863,99896565884000,5.1443872,Bike
Fix,GPS,37.4248315945,-122.17052343,-4.062593267783033,5.285246,6.1638865,301.44366,1676501531000,0.50546145,5.563263,99897565887000,6.900366,Bike
Fix,FLP,37.4248295,-122.1705241,3.904453571558612,5.288956,6.7,301.06558,1676501533181,0.50546145,5.563263,99897565887000,5.1419473,Bike
Fix,GPS,37.4248488303,-122.1705729863,-3.5406684985352803,5.027903,6.115383,296.2736,1676501532000,0.43588153,5.0100584,99898565917000,6.878888,Bike
Fix,FLP,37.4248508,-122.170574,-14.59529147337799,5.0300593,6.737,296.04797,1676501534181,0.43588153,5.0100584,99898565917000,2.5367432,Bike
Fix,GPS,37.4248605186,-122.1706182776,-2.695522057538948,4.630296,6.1093926,294.33224,1676501533000,0.43179277,5.4925385,99899565932000,6.856739,Bike
Fix,FLP,37.4248644,-122.1706209,-5.962564477985218,4.6338243,6.763,294.02057,1676501535181,0.43179277,5.4925385,99899565932000,5.352426,Bike
Fix,GPS,37.4248723753,-122.1706674721,-1.8963569235236932,4.381103,6.0528936,295.1326,1676501534000,0.43969822,5.8921137,99900565953000,6.876066,Bike
Fix,FLP,37.4248741,-122.1706629,-7.191656642300458,4.3849463,6.095,294.98352,1676501536181,0.43969822,5.8921137,99900565953000,5.362416,Bike
Fix,GPS,37.4248865515,-122.1707107842,-1.2618019754450849,4.0638633,6.1816225,290.9124,1676501535000,0.46326104,6.7285643,99901565976000,6.8723187,Bike
Fix,FLP,37.4248883,-122.1707096,-5.76637856070721,4.067047,6.122,290.0572,1676501537181,0.46326104,6.7285643,99901565976000,5.372436,Bike
Fix,GPS,37.4248974352,-122.1707487703,-1.9098278093212675,3.8015294,6.2320414,288.27258,1676501536000,0.43864822,6.685536,99902565987000,6.853657,Bike
Fix,FLP,37.4248979,-122.1707485,-5.207122581006708,3.8047488,6.14,288.02692,1676501538181,0.43864822,6.685536,99902565987000,3.856327,Bike
Fix,GPS,37.4249108335,-122.1707890084,-3.234671372378482,3.5795698,6.0766582,287.6683,1676501537000,0.38138947,5.9816484,99903565965000,6.829306,Bike
Fix,FLP,37.4249091,-122.1707871,-4.457681784591792,3.5816202,6.147,287.00937,1676501539181,0.38138947,5.9816484,99903565965000,5.392416,Bike
Fix,GPS,37.4249200469,-122.1708272729,-3.798500860745503,2.8490434,5.982561,280.95673,1676501538000,0.37049827,7.3884435,99904566007000,6.865783,Bike
Fix,FLP,37.4249194,-122.1708267,-3.583755974467124,2.8536334,6.131,280.0561,1676501540181,0.37049827,7.3884435,99904566007000,5.402516,Bike
Fix,NLP,37.4248197,-122.1707875,1.5,,23.432,,1676501541146,,,99905530000000,1.4891275,Bike
Fix,GPS,37.4249227135,-122.1708637173,-3.174225055810706,2.532423,5.921953,274.49582,1676501539000,0.3865478,9.103221,99905565992000,6.9073772,Bike
Fix,FLP,37.4249226,-122.1708487,-4.035264437388761,2.8494911,6.838,280.05804,1676501541146,0.37049827,7.3884435,99905530000000,5.3505116,Bike
Fix,GPS,37.4249215471,-122.1708962644,-2.884145674641818,2.423026,5.9177694,264.38007,1676501540000,0.3678386,9.158622,99906566094000,7.014681,Bike
Fix,FLP,37.4249226,-122.1708817,-4.171440572227901,2.4432056,6.692,266.74747,1676501542181,0.3678386,9.158622,99906566094000,5.005717,Bike
Fix,GPS,37.4249160774,-122.1709224809,-3.483672269831696,2.4374306,6.057847,265.33194,1676501541000,0.3707523,8.7514515,99907566068000,7.092499,Bike
Fix,FLP,37.4249183,-122.1709169,-4.838478832494879,2.4374819,6.734,265.01132,1676501543181,0.3707523,8.7514515,99907566068000,4.996497,Bike
Fix,GPS,37.4249085112,-122.1709516248,-3.9526216826500895,1.8243748,5.9468803,278.8195,1676501542000,0.30772173,9.597165,99908566074000,6.9710255,Bike
Fix,FLP,37.4249115,-122.1709488,-4.646818186246385,1.8268678,6.788,277.92303,1676501544182,0.30772173,9.597165,99908566074000,4.996212,Bike
Fix,FLP,37.4249126,-122.1709674,-4.646818186246385,1.819792,7.179,291.28146,1676501545028,,,99909412151134,4.996212,Bike
Fix,GPS,37.424909402,-122.1709822309,-3.653102817975311,1.9377258,6.1013675,301.80072,1676501543000,0.30832472,8.785811,99909566042000,6.968743,Bike
Fix,NLP,37.4245618,-122.1710623,1.600000023841858,,44.387,,1676501546076,,,99910460000000,2.3707004,Bike
Fix,FLP,37.4249177,-122.1709879,17.158019432753868,1.9210793,8.007,305.0178,1676501546113,,,99910497155955,5.260603,Bike
Fix,GPS,37.4249254103,-122.1710135364,-3.3159201565470524,2.190616,5.982161,309.04095,1676501544000,0.3223845,8.252803,99910566072000,6.9328556,Bike
Fix,FLP,37.424927,-122.1710086,16.271300602812076,2.153523,8.596,306.78494,1676501546654,,,99911039657909,4.6651244,Bike
Fix,GPS,37.4249469307,-122.1710426719,-2.8266003805356936,2.9720929,5.925514,319.51437,1676501545000,0.32944643,6.1500673,99911566055000,6.8520026,Bike
Fix,FLP,37.4249324,-122.1710182,22.258078044375686,2.1799269,9.048,314.50894,1676501547197,,,99911582160351,3.4762504,Bike
Fix,FLP,37.4249447,-122.1710363,22.258078044375686,2.8117633,9.528,324.83636,1676501547702,,,99912086000000,3.4762504,Bike
Fix,GPS,37.4249744687,-122.1710639834,-2.263931531460392,3.075177,5.989461,325.89648,1676501546000,0.37191224,6.5596557,99912566118000,6.7716436,Bike
Fix,FLP,37.4249584,-122.1710526,1.600000023841858,2.9735289,10.086,331.95203,1676501548283,,,99912667153576,4.917083,Bike
Fix,FLP,37.4249843,-122.1710708,1.600000023841858,3.0596516,10.562,336.79742,1676501548824,,,99913209667492,4.917083,Bike
Fix,GPS,37.42500641,-122.1710812525,-1.9304568921335987,3.1093402,5.977519,352.98788,1676501547000,0.3670161,5.8959618,99913566107000,6.671544,Bike
Fix,FLP,37.4250172,-122.1710825,-14.212408024580249,3.0567958,10.699,2.406364,1676501549909,,,99914294672558,5.2187657,Bike
Fix,GPS,37.4250421852,-122.1710756647,-2.2191289298784,3.6610715,5.9804764,16.603539,1676501548000,0.36099574,5.330024,99914566162000,6.6011243,Bike
Fix,GPS,37.4250889822,-122.1710509757,-2.309757841501712,3.4014308,5.9928174,22.306606,1676501549000,0.36617061,5.882411,99915566223000,6.6395607,Bike
Fix,FLP,37.4250555,-122.1710724,-6.235356960138972,3.5068386,10.611,23.048244,1676501550995,,,99915379678783,5.172299,Bike
Fix,FLP,37.425078,-122.1710606,-6.235356960138972,3.4442544,10.619,23.002241,1676501551516,,,99915900271984,5.172299,Bike
Fix,GPS,37.4251237108,-122.1710291059,-2.0636781463370686,2.5662212,5.973826,8.252141,1676501550000,0.38669232,7.837907,99916566201000,6.63293,Bike
Fix,FLP,37.4251026,-122.1710492,-2.959028107737801,3.4320798,10.701,14.022916,1676501552079,,,99916464685497,5.486226,Bike
Fix,FLP,37.4251238,-122.171038,-2.959028107737801,2.6813338,10.658,3.451115,1676501552623,,,99917007177990,5.486226,Bike
Fix,GPS,37.4251591236,-122.1710250538,-2.2692858658934107,2.5881643,6.062545,350.06302,1676501551000,0.38034815,7.8762293,99917566270000,6.6854606,Bike
Fix,FLP,37.4251381,-122.1710343,5.970722121628938,2.5780191,10.596,355.27667,1676501553165,,,99917549693066,5.1922693,Bike
Fix,FLP,37.4251568,-122.1710326,5.970722121628938,2.5839741,10.555,350.99167,1676501553707,,,99918092197033,5.1922693,Bike
Fix,GPS,37.4251896034,-122.1710371384,-2.9261874420426093,3.0657299,6.0441236,349.93118,1676501552000,0.36904567,6.7564607,99918566208000,6.762035,Bike
Fix,FLP,37.4251713,-122.1710335,13.860288751067422,2.5907226,10.49,355.50864,1676501554249,,,99918634701121,5.202279,Bike
Fix,FLP,37.4251921,-122.171035,13.860288751067422,3.006667,10.437,358.32346,1676501554792,,,99919176000000,5.202279,Bike
Fix,GPS,37.4252259762,-122.1710506924,-2.9711924497223285,3.479918,6.076766,4.254685,1676501553000,0.4822362,7.0388675,99919566553000,6.7739663,Bike
Fix,FLP,37.4252236,-122.1710402,6.817832775997061,3.416573,10.393,3.2635834,1676501555334,,,99919719708996,5.214338,Bike
Fix,GPS,37.4252620807,-122.1710481815,-3.582501369815905,3.4684813,6.304229,10.303901,1676501554000,0.4907887,7.2747626,99920566249000,6.884282,Bike
Fix,FLP,37.4252383,-122.1710417,-3.9831753268798655,3.455888,10.514,7.372439,1676501555878,,,99920262203808,5.2243376,Bike
Fix,FLP,37.4252593,-122.1710424,-3.9831753268798655,3.4582934,10.502,10.238744,1676501556420,,,99920804716991,5.2243376,Bike
Fix,GPS,37.4252992323,-122.1710389856,-4.051227396511877,4.0350537,6.2906866,14.94785,1676501555000,0.42779955,5.7839103,99921566608000,6.9420986,Bike
Fix,FLP,37.4252749,-122.1710412,-5.505258730924474,3.4561534,10.488,13.10927,1676501556962,,,99921347210461,5.0688057,Bike
Fix,FLP,37.4252906,-122.1710386,-5.505258730924474,3.8945806,10.574,13.058623,1676501557504,,,99921888000000,5.0688057,Bike
Fix,GPS,37.4253384756,-122.1710230006,-3.0582964069091543,3.7176168,6.1126423,22.436651,1676501556000,0.37771598,5.5829043,99922566326000,6.725936,Bike
Fix,FLP,37.4253153,-122.171033,-11.003183163903294,3.996778,10.726,15.698989,1676501558047,,,99922432229259,3.4867227,Bike
Fix,FLP,37.425334,-122.1710247,-11.003183163903294,3.771231,10.776,20.23821,1676501558589,,,99922973000000,3.4867227,Bike
Fix,GPS,37.4253740041,-122.1710012157,-1.8216064193998287,3.9845371,6.0996113,21.91922,1676501557000,0.39325073,5.3771334,99923566304000,6.667902,Bike
Fix,FLP,37.4253544,-122.1710146,-10.92030920684713,3.723654,10.888,22.041393,1676501559132,,,99923517237133,3.7550724,Bike
Fix,GPS,37.4254141838,-122.1709824814,-1.0278692599109711,4.404591,6.139768,20.727623,1676501558000,0.43116012,5.2493525,99924566300000,6.608271,Bike
Fix,FLP,37.425391,-122.1709929,-9.023587375548829,3.9671888,10.897,20.494368,1676501560218,,,99924602244884,4.8547397,Bike
Fix,FLP,37.4254152,-122.1709814,-9.023587375548829,4.3133707,10.945,20.892488,1676501560722,,,99925106000000,4.8547397,Bike
Fix,GPS,37.4254522747,-122.1709579611,-0.793462965990472,4.57258,6.20172,22.785719,1676501559000,0.4625282,5.2787795,99925566307000,6.591202,Bike
Fix,FLP,37.4254317,-122.1709737,-5.135129448295388,4.3871818,10.929,21.686903,1676501561303,,,99925687240734,5.3791623,Bike
Fix,GPS,37.4254904465,-122.1709346378,-0.8050811002553273,4.6172986,6.3180313,20.92731,1676501560000,0.47264534,5.381107,99926566330000,6.6873884,Bike
Fix,FLP,37.4254675,-122.1709542,-2.5007768769864995,4.541492,10.942,21.724112,1676501561844,,,99926229756115,5.3891525,Bike
Fix,FLP,37.4255014,-122.1709354,-2.5007768769864995,4.638127,10.886,18.339863,1676501562929,,,99927314763683,5.3891525,Bike
Fix,GPS,37.4255318953,-122.170913945,-1.3004676524373115,4.714476,6.3497934,16.092432,1676501561000,0.43410742,5.0683618,99927566517000,6.7865047,Bike
Fix,GPS,37.4255734218,-122.1708975389,-1.8352855641869776,4.7830534,6.39703,13.734056,1676501562000,0.45053366,5.3226614,99928566378000,6.8229084,Bike
Fix,FLP,37.4255485,-122.1709133,-4.252214658841353,4.705659,10.799,17.640327,1676501564015,,,99928399770458,5.4091725,Bike
Fix,GPS,37.4256183394,-122.1708846324,-2.7978312025554373,5.0570474,6.463739,9.769722,1676501563000,0.45361412,5.1018677,99929566371000,6.866271,Bike
Fix,FLP,37.4255898,-122.1708935,-4.124776042637869,4.7818613,10.895,17.427752,1676501565100,,,99929484777355,5.4191623,Bike
Fix,FLP,37.4256295,-122.1708818,-4.124776042637869,5.050211,11.058,10.820876,1676501566147,,,99930531000000,5.4191623,Bike
Fix,GPS,37.4256645928,-122.1708756937,-3.2005670388761565,4.694235,6.3808384,10.130358,1676501564000,0.43675616,4.927458,99930566356000,6.865764,Bike
Fix,FLP,37.4256674,-122.1708756,-4.547541209797515,4.73887,11.239,11.641698,1676501566728,,,99931112287365,5.778289,Bike
Fix,GPS,37.4257067707,-122.1708653076,-2.939773673696335,3.378354,6.310853,12.70351,1676501565000,0.40450916,6.203895,99931566365000,6.7519693,Bike
Fix,FLP,37.4256823,-122.170871,-2.124951863466464,4.670754,11.322,15.842359,1676501567269,,,99931654790295,5.382352,Bike
Fix,GPS,37.4257396809,-122.1708576824,-2.858281181226434,2.0657442,6.1143994,11.106812,1676501566000,0.34825915,8.307078,99932566420000,6.6666584,Bike
Fix,FLP,37.4257202,-122.1708589,-1.847751240908984,3.5162857,11.279,19.38364,1676501567813,,,99932197293713,5.4492126,Bike
Fix,GPS,37.4257551884,-122.1708599121,-3.704201342820737,1.2983438,6.125931,7.3845496,1676501567000,0.28570154,9.960982,99933566454000,6.5895534,Bike
Fix,FLP,37.4257517,-122.170853,1.600000023841858,2.182296,11.236,3.8338935,1676501568897,,,99933282302684,5.8941045,Bike
Fix,GPS,37.4257644473,-122.1708590221,-4.129208895119142,1.4266229,6.159399,357.46826,1676501568000,0.3205055,11.087194,99934566520000,6.5301747,Bike
Fix,FLP,37.4257703,-122.1708556,1.600000023841858,1.3742902,11.183,351.72372,1676501569982,,,99934367294994,3.7997484,Bike
Fix,GPS,37.425774257,-122.1708661559,-5.337074549840812,2.0751152,6.0592194,327.31052,1676501569000,0.34463835,8.994542,99935566505000,6.4722476,Bike
Fix,FLP,37.4257811,-122.1708603,13.764250267397848,1.4156284,10.924,350.1019,1676501571068,,,99935452312695,3.8097484,Bike
Fix,GPS,37.4257872663,-122.1708899414,-6.126514828954298,2.9121544,5.930914,311.3547,1676501570000,0.40070403,7.639511,99936566417000,6.4711895,Bike
Fix,FLP,37.4257906,-122.1708693,14.437826610923572,1.9659383,10.87,314.8365,1676501572153,,,99936537319775,5.208211,Bike
Fix,GPS,37.4258086953,-122.1709348819,-7.630872089087187,4.09972,5.7669363,300.67935,1676501571000,0.38794655,5.29133,99937566463000,6.4513516,Bike
Fix,FLP,37.4258029,-122.1708987,10.571954763761257,2.7554173,10.84,304.62057,1676501573237,,,99937622314709,5.2182007,Bike
Fix,GPS,37.4258332707,-122.1709899007,-8.483771739873289,4.3206472,5.77598,296.48462,1676501572000,0.41688913,5.773166,99938566573000,6.497033,Bike
Fix,FLP,37.4258178,-122.1709409,12.700524557859984,3.8560312,10.626,295.69336,1676501573780,,,99938164829601,5.62192,Bike
Fix,FLP,37.4258252,-122.1709681,12.700524557859984,4.192539,10.525,295.06732,1676501574323,,,99938707321789,5.62192,Bike
Fix,GPS,37.4258478609,-122.1710499608,-8.667675418222267,4.418769,5.760495,287.51492,1676501573000,0.41064197,5.5707426,99939566559000,6.5047536,Bike
Fix,FLP,37.4258378,-122.1710082,13.408984440662778,4.3231,10.448,292.67834,1676501574864,,,99939249836864,5.2382307,Bike
Fix,FLP,37.4258547,-122.1710669,13.408984440662778,4.444671,10.258,288.2356,1676501575949,,,99940334844189,5.2382307,Bike
Fix,GPS,37.4258614958,-122.1711042822,-8.56633750241636,4.69923,5.844261,281.6205,1676501574000,0.4031076,5.089564,99940566518000,6.511847,Bike
Fix,FLP,37.4258652,-122.1711251,18.74917525247608,4.6978707,9.896,281.96085,1676501577027,,,99941411000000,5.248261,Bike
Fix,GPS,37.4258721614,-122.1711575771,-8.595094123146515,5.049983,5.9541416,282.72092,1676501575000,0.4376525,5.2208996,99941566532000,6.528552,Bike
Fix,FLP,37.4258732,-122.1711719,18.987012351255984,4.9826593,9.683,282.08524,1676501577578,,,99941962355663,5.2582006,Bike
Fix,GPS,37.4258831421,-122.171217352,-8.932805809719927,5.10435,5.985718,286.73895,1676501576000,0.46659115,5.4311705,99942566601000,6.519635,Bike
Fix,FLP,37.4258808,-122.1712064,16.7686425917493,5.103759,9.317,285.95224,1676501578181,0.46659115,5.4311705,99942566601000,5.268211,Bike
Fix,GPS,37.425891649,-122.171277362,-9.581726052942704,5.028291,6.0375624,280.28873,1676501577000,0.45969406,5.648899,99943566679000,6.5368385,Bike
Fix,FLP,37.4258923,-122.1712714,11.87051619344529,5.028983,8.895,280.06894,1676501579182,0.45969406,5.648899,99943566679000,5.2782106,Bike
Fix,GPS,37.4258965697,-122.1713351309,-9.843141503492625,5.058176,6.2322965,277.98462,1676501578000,0.5050662,6.0516696,99944566622000,6.604632,Bike
Fix,FLP,37.425898,-122.1713321,8.392258953579443,5.057819,8.414,277.04025,1676501580181,0.5050662,6.0516696,99944566622000,5.8146625,Bike
Fix,GPS,37.4259011557,-122.1713975724,-9.91003015165075,5.341847,6.3005495,279.18277,1676501579000,0.5214379,6.0246644,99945566681000,6.6642003,Bike
Fix,FLP,37.4259022,-122.1713942,16.7686425917493,5.3381615,7.703,278.97153,1676501581182,0.5214379,6.0246644,99945566681000,5.5082197,Bike
Fix,NLP,37.4257408,-122.1713915,-0.3000000417232513,,15.155,,1676501581096,,,99945480000000,1.3547626,Bike
Fix,GPS,37.42590707,-122.1714604667,-10.334113630074103,5.2548494,6.4056168,280.24042,1676501580000,0.5263418,6.132663,99946566716000,6.751491,Bike
Fix,FLP,37.4259083,-122.1714605,13.008124667198324,5.255845,6.777,279.98602,1676501582182,0.5263418,6.132663,99946566716000,4.6436625,Bike
Fix,GPS,37.4259155645,-122.1715173485,-10.184162398015886,5.341719,6.5590734,281.13867,1676501581000,0.56566733,6.5216923,99947566655000,6.8827868,Bike
Fix,FLP,37.425916,-122.1715181,8.139525573157762,5.3403554,6.306,280.9825,1676501583182,0.56566733,6.5216923,99947566655000,3.5073936,Bike
Fix,GPS,37.4259266595,-122.1715769566,-9.678768069333728,5.146806,6.6415224,282.16058,1676501582000,0.53110313,6.3035493,99948566676000,6.975874,Bike
Fix,FLP,37.4259261,-122.1715772,7.785228715153551,5.149345,6.354,281.98532,1676501584181,0.53110313,6.3035493,99948566676000,3.5809968,Bike
Fix,GPS,37.425938643,-122.1716344608,-9.266187176065037,5.1875176,6.7433987,284.5434,1676501583000,0.5292474,6.175899,99949566973000,7.096386,Bike
Fix,FLP,37.4259374,-122.1716344,18.80140756002543,5.186923,6.492,283.97134,1676501585181,0.5292474,6.175899,99949566973000,4.898814,Bike
Fix,GPS,37.4259510065,-122.1717066326,-9.42336933933407,4.8213787,6.7131824,283.6692,1676501584000,0.4736189,5.745851,99950566934000,7.130522,Bike
Fix,FLP,37.42595,-122.1717002,1.600000023841858,4.82533,6.612,283.01175,1676501586181,0.4736189,5.745851,99950566934000,4.9088144,Bike
Fix,GPS,37.4259630037,-122.1717648383,-10.260194383540062,4.743822,6.7486973,282.15433,1676501585000,0.4929034,6.0560503,99951566675000,7.2763557,Bike
Fix,FLP,37.4259595,-122.1717565,1.600000023841858,5.027613,7.552,282.04636,1676501587181,,,99951566675000,4.918814,Bike
Fix,GPS,37.4259690455,-122.1718126603,-10.012411248980492,4.8484745,6.815222,276.07867,1676501586000,0.5203585,6.314368,99952566700000,7.4402533,Bike
Fix,FLP,37.4259662,-122.1717929,-0.3000000417232513,4.6937413,9.022,273.47238,1676501588261,,,99952645157970,3.880618,Bike
Fix,FLP,37.4259687,-122.1718319,-0.3000000417232513,4.8291583,9.518,273.9806,1676501588803,,,99953187661205,3.880618,Bike
Fix,GPS,37.4259641113,-122.171861892,-10.7199323200749,4.861713,6.9047155,273.9078,1676501587000,0.51503074,6.24607,99953566934000,7.5964437,Bike
Fix,FLP,37.4259694,-122.1718732,9.530135399342775,4.8564906,10.603,273.45724,1676501589345,,,99953730164562,3.9235437,Bike
Fix,GPS,37.4259586044,-122.1719197847,-11.763616080894913,4.7199464,6.871157,278.13898,1676501588000,0.47362864,5.8721375,99954566856000,7.6926255,Bike
Fix,FLP,37.4259694,-122.1718937,8.50889303138662,4.8570857,10.799,273.63333,1676501589888,,,99954272667736,3.9495301,Bike
Fix,FLP,37.4259674,-122.1719206,8.50889303138662,4.731409,11.43,275.82242,1676501590430,,,99954815170849,3.9495301,Bike
Fix,GPS,37.4259648031,-122.171972504,-11.590781308465283,4.7415743,6.8313427,289.61166,1676501589000,0.47730494,5.8519783,99955566772000,7.75986,Bike
Fix,FLP,37.4259675,-122.1719523,5.9049033117255405,4.714349,11.582,276.66132,1676501590972,,,99955357678356,3.9299617,Bike
Fix,FLP,37.4259725,-122.1720043,5.9049033117255405,4.683506,12.207,283.80463,1676501592057,,,99956442677501,3.9299617,Bike
Fix,GPS,37.4259809052,-122.1720270323,-11.470054114443023,4.6604104,6.927751,291.24948,1676501590000,0.47451255,5.9146614,99956567011000,7.8525734,Bike
Fix,FLP,37.4259827,-122.1720419,5.537095515083969,4.650478,12.705,287.70782,1676501592600,,,99956985183300,3.9399316,Bike
Fix,GPS,37.4260034145,-122.1720753008,-10.69240193837473,4.4667187,6.800913,295.6684,1676501591000,0.44670475,5.715096,99957566785000,7.829736,Bike
Fix,FLP,37.4259872,-122.1720571,18.249928106646124,4.6834693,12.453,285.1599,1676501593143,,,99957527686535,3.930628,Bike
Fix,FLP,37.4259985,-122.1720901,18.249928106646124,4.487102,12.367,289.97256,1676501593686,,,99958070189709,3.930628,Bike
Fix,GPS,37.4260201636,-122.1721372233,-11.25008011938729,4.6045117,6.334878,290.47485,1676501592000,0.4105428,5.437255,99958566951000,7.708857,Bike
Fix,FLP,37.4260064,-122.1721098,16.53314968605723,4.468067,12.282,291.8058,1676501594228,,,99958612692638,3.761374,Bike
Fix,GPS,37.4260304953,-122.1722019566,-10.61360824998526,4.7362356,6.0487537,283.56647,1676501593000,0.38340247,5.0755787,99959566787000,7.7272706,Bike
Fix,FLP,37.4260264,-122.1721628,-19.976317514687068,4.5982213,12.14,292.1691,1676501595312,,,99959697694103,3.771384,Bike
Fix,FLP,37.4260397,-122.1722214,-18.794337010903305,4.7536726,11.789,284.4218,1676501595855,,,99960240201122,3.781394,Bike
Fix,GPS,37.4260366043,-122.1722668619,-9.858882171109745,4.6153502,5.8355484,278.04224,1676501594000,0.39227152,5.4380636,99960566840000,7.51603,Bike
Fix,FLP,37.4260441,-122.1722889,-13.869919744441056,4.6457124,11.344,277.9352,1676501596940,,,99961325206493,4.7971745,Bike
Fix,GPS,37.426036656,-122.1723327058,-8.980653933592384,4.3653636,5.780642,278.57272,1676501595000,0.40329325,5.7901416,99961566963000,7.343684,Bike
Fix,FLP,37.4260416,-122.1723323,-12.14085216785272,4.406705,10.997,276.96118,1676501597483,,,99961867709545,4.2537403,Bike
Fix,GPS,37.4260412935,-122.172382454,-8.831774771808778,4.076056,6.075691,280.19366,1676501596000,0.4431021,6.643719,99962566846000,7.451554,Bike
Fix,FLP,37.4260415,-122.1723606,-7.017238565177706,4.3691263,10.662,278.11252,1676501598025,,,99962410212170,3.9859037,Bike
Fix,FLP,37.426044,-122.1723889,-7.017238565177706,4.115054,10.633,281.20447,1676501598536,,,99962921808361,3.9859037,Bike
Fix,GPS,37.426047891,-122.1724319082,-8.502640703013398,3.4872086,6.378166,286.26135,1676501597000,0.49213722,8.457621,99963567136000,7.563565,Bike
Fix,FLP,37.4260482,-122.1724139,-0.3000000417232513,4.0425777,10.468,287.8883,1676501599110,,,99963495217480,3.9959435,Bike
Fix,FLP,37.4260572,-122.1724523,-0.3000000417232513,3.550384,10.429,297.6592,1676501599653,,,99964037722789,3.9959435,Bike
Fix,GPS,37.4260634291,-122.1724615517,-7.765495481083604,2.1560037,6.6901145,300.34583,1676501598000,0.6047982,15.860246,99964566865000,7.6294756,Bike
Fix,FLP,37.4260599,-122.1724568,-2.401688264939523,3.5476708,10.438,308.61575,1676501600196,,,99964580223461,5.0157638,Bike
Fix,FLP,37.4260708,-122.1724751,-2.401688264939523,2.368481,10.473,311.9068,1676501600738,,,99965122723400,5.0157638,Bike
Fix,GPS,37.42609033,-122.1724452192,-8.086457427559626,1.202744,6.93217,358.9231,1676501599000,0.6061291,26.633163,99965567181000,7.7838936,Bike
Fix,FLP,37.426082,-122.1724761,-0.3000000417232513,1.2790918,10.717,352.9111,1676501601281,,,99965665228954,4.9584246,Bike
Fix,FLP,37.4260958,-122.1724675,-0.3000000417232513,1.2126424,10.848,9.654429,1676501601823,,,99966207731884,4.9584246,Bike
Fix,GPS,37.4261385675,-122.1724095406,-8.916870878440372,1.8391225,7.090316,6.0381145,1676501600000,0.6778247,18.084435,99966567052000,7.939192,Bike
Fix,FLP,37.426115,-122.1724476,1.600000023841858,1.735324,11.24,6.490634,1676501602365,,,99966750235058,5.128925,Bike
Fix,GPS,37.4261931376,-122.1723839096,-10.632474577141892,3.2355573,7.2756023,23.401348,1676501601000,0.572754,10.475775,99967566899000,8.070717,Bike
Fix,FLP,37.4261344,-122.1724358,1.600000023841858,1.8304981,11.618,2.471748,1676501602908,,,99967292738048,5.528337,Bike
Fix,GPS,37.4262432425,-122.1723552515,-11.491355292365936,3.3461275,7.4711685,21.873756,1676501602000,0.61869675,10.943905,99968566921000,8.064147,Bike
Fix,FLP,37.4261768,-122.1724101,-12.156764915118366,3.0567253,11.729,18.935427,1676501603993,,,99968377743603,5.538387,Bike
Fix,GPS,37.4262906357,-122.1723256038,-10.911556651944224,3.7826028,7.627432,21.859224,1676501603000,0.53043336,8.43642,99969567051000,8.078048,Bike
Fix,FLP,37.4262291,-122.1723728,-12.25478431631688,3.3234246,12.206,27.770933,1676501605078,,,99969462746532,5.548357,Bike
Fix,FLP,37.4262599,-122.1723518,-12.25478431631688,3.7398355,12.276,22.061216,1676501605620,,,99970005252148,5.548357,Bike
Fix,FLP,37.4262884,-122.1723365,-12.589759567021282,3.8111913,12.496,13.550326,1676501606163,,,99970547755260,5.558367,Bike
Fix,GPS,37.4263366028,-122.1723048753,-10.095261745375334,3.1844227,7.646405,19.716972,1676501604000,0.5246036,9.441256,99970567008000,8.180945,Bike
Fix,FLP,37.4263219,-122.1723203,-12.589759567021282,3.2832859,12.667,6.1658187,1676501606705,,,99971090258556,5.0645695,Bike
Fix,GPS,37.426370983,-122.1722982167,-9.2552901249246,3.0364845,7.846569,18.120298,1676501605000,0.48289096,8.965047,99971567374000,8.229288,Bike
Fix,FLP,37.4263418,-122.1723143,-8.28914405990907,3.1871383,12.826,357.52487,1676501607248,,,99971632761486,5.478614,Bike
Fix,GPS,37.4264065829,-122.1722890801,-8.760456658991787,3.464236,8.021837,15.822859,1676501606000,0.54257965,8.797042,99972567019000,8.344924,Bike
Fix,FLP,37.4263769,-122.1723048,-6.515197751923203,2.967319,13.073,20.243484,1676501607790,,,99972175264111,5.4886036,Bike
Fix,GPS,37.426466917,-122.1722982314,-10.09112385795514,3.903157,7.6463027,17.47442,1676501607000,0.5004588,7.0860925,99973567148000,8.196623,Bike
Fix,FLP,37.4264101,-122.1722881,-4.958327740743336,3.404826,13.342,22.05662,1676501608876,,,99973260269787,4.890274,Bike
Fix,FLP,37.4264386,-122.1722876,-4.958327740743336,3.8157918,13.456,18.371569,1676501609417,,,99973802769786,4.890274,Bike
Fix,GPS,37.426504042,-122.172293899,-9.896508512391184,3.6338453,7.442784,20.59807,1676501608000,0.4240599,6.3628902,99974567059000,7.9251375,Bike
Fix,FLP,37.4264669,-122.1722842,-5.135316691827903,3.8655815,13.407,22.28764,1676501609961,,,99974345275341,4.900284,Bike
Fix,FLP,37.4264858,-122.1722836,-5.135316691827903,3.7077076,13.304,20.84266,1676501610472,,,99974857000000,4.900284,Bike
Fix,GPS,37.4265484506,-122.1722771413,-8.757253305377851,3.5668473,6.927122,26.047258,1676501609000,0.41302148,6.380691,99975567069000,7.6639986,Bike
Fix,FLP,37.4265146,-122.1722775,-4.56438760097214,3.6520164,13.232,19.290504,1676501611046,,,99975430280712,4.910274,Bike
Fix,GPS,37.4265842566,-122.1722562955,-8.783576579372586,3.9089508,6.7670794,21.737982,1676501610000,0.41482145,5.719914,99976567079000,7.500719,Bike
Fix,FLP,37.4265556,-122.1722626,-4.529493430085502,3.576965,13.113,22.808035,1676501612131,,,99976515286327,3.7762356,Bike
Fix,GPS,37.4266269787,-122.1722491262,-8.290945721132758,3.4720979,6.6501637,0.13512656,1676501611000,0.41960853,6.485541,99977567316000,7.389604,Bike
Fix,FLP,37.4265966,-122.1722467,-4.99322014150512,3.8859265,12.611,8.845184,1676501613216,,,99977600291210,3.7862456,Bike
Fix,FLP,37.4266368,-122.1722473,-4.99322014150512,3.471845,12.163,350.22607,1676501613757,,,99978142790599,3.7862456,Bike
Fix,GPS,37.4266661578,-122.1722610117,-8.698108081617994,3.4747965,6.401443,340.92688,1676501612000,0.40411818,6.51928,99978567350000,7.2968955,Bike
Fix,FLP,37.4266417,-122.1722517,-4.5112877185307525,3.4530745,12.091,339.31104,1676501614301,,,99978685295849,3.7962456,Bike
Fix,GPS,37.4266924589,-122.1722829226,-8.416081025364473,3.4200711,6.4337606,320.76465,1676501613000,0.46863556,7.6259813,99979567212000,7.3012023,Bike
Fix,FLP,37.4266725,-122.1722712,-5.51861148901704,3.4541094,11.683,324.76483,1676501614843,,,99979227798046,3.861343,Bike
Fix,FLP,37.4266902,-122.1722863,-5.51861148901704,3.422296,11.63,319.7576,1676501615386,,,99979770300060,3.861343,Bike
Fix,GPS,37.4267128596,-122.1723290574,-9.29777916633106,3.0008829,6.6142635,301.32672,1676501614000,0.48001567,9.119482,99980567107000,7.372231,Bike
Fix,FLP,37.4266996,-122.1722971,-5.1757707889186335,3.4303455,11.605,312.56415,1676501615927,,,99980312802257,5.7480316,Bike
Fix,FLP,37.4267069,-122.1723107,-5.336068245234522,3.2512913,11.621,305.80887,1676501616471,,,99980855303966,5.0704765,Bike
Fix,NLP,37.4265916,-122.1728451,0.1000000461935997,,38.141,,1676501616152,,,99980536000000,3.494278,Bike
Fix,GPS,37.4267201099,-122.1723737255,-10.063084355457622,2.9450574,6.403563,291.16357,1676501615000,0.42803684,8.448991,99981567464000,7.314013,Bike
Fix,FLP,37.4267222,-122.1723573,-5.336068245234522,3.2989757,11.53,304.83133,1676501617012,,,99981397805920,4.8723474,Bike
Fix,GPS,37.4267294155,-122.1724139866,-10.251119799879875,3.4161067,6.3091063,295.96945,1676501616000,0.43521324,7.5161834,99982567189000,7.226561,Bike
Fix,FLP,37.4267296,-122.1723974,-2.488637433784831,2.976662,11.371,288.83243,1676501618098,,,99982482806896,4.9733076,Bike
Fix,FLP,37.4267387,-122.1724332,-2.488637433784831,3.2972178,11.23,300.8619,1676501619153,,,99983537000000,4.9733076,Bike
Fix,GPS,37.4267424011,-122.1724604721,-11.035226218197495,3.9684994,6.2332344,287.5771,1676501617000,0.47196394,7.2614746,99983567155000,7.1210666,Bike
Fix,FLP,37.4267502,-122.1724694,15.263705904847228,3.8777902,11.117,295.86896,1676501619726,,,99984110314892,4.4296665,Bike
Fix,GPS,37.4267534538,-122.1725087082,-12.601501120863656,3.830775,6.2821445,289.92386,1676501618000,0.4366846,6.7064447,99984567222000,7.0002847,Bike
Fix,FLP,37.4267533,-122.1724804,-8.043140461943082,3.9227784,11.167,303.6209,1676501620268,,,99984652816173,4.640082,Bike
Fix,FLP,37.4267669,-122.1725213,-8.043140461943082,3.853089,11.089,299.8749,1676501620811,,,99985195318127,4.640082,Bike
Fix,GPS,37.4267656286,-122.1725542703,-12.94542875198156,3.4622974,6.3948627,296.99216,1676501619000,0.5226692,8.918081,99985567197000,6.989451,Bike
Fix,FLP,37.4267703,-122.1725463,-8.043140461943082,3.5712543,10.94,296.5284,1676501621352,,,99985737819286,4.7270827,Bike
Fix,GPS,37.4267814474,-122.1725973899,-12.041045532143288,3.8112895,6.4372177,300.31064,1676501620000,0.48889256,7.620132,99986567550000,7.000782,Bike
Fix,FLP,37.4267755,-122.1725708,-8.17658566603452,3.5023599,10.918,287.80035,1676501621896,,,99986280320751,4.737093,Bike
Fix,FLP,37.4267867,-122.172609,-8.17658566603452,3.7133527,10.893,300.38376,1676501622977,,,99987361000000,4.737093,Bike
Fix,GPS,37.4268039496,-122.1726384067,-11.889771025515664,4.079807,6.557513,305.34402,1676501621000,0.507302,7.209251,99987567233000,7.0221796,Bike
Fix,GPS,37.4268310564,-122.1726699942,-11.291704289543306,2.8284934,6.667369,321.0641,1676501622000,0.546472,10.349544,99988567276000,6.9871235,Bike
Fix,FLP,37.4268136,-122.1726553,-5.333342773662984,4.0510893,11.0,323.3492,1676501624066,,,99988450325390,4.626057,Bike
Fix,GPS,37.4268696602,-122.1726775767,-11.260407459988931,3.3127937,6.7214913,347.58472,1676501623000,0.467011,6.770575,99989567279000,6.95095,Bike
Fix,FLP,37.4268443,-122.1726837,-4.566251619762006,2.9779859,11.204,328.15814,1676501625150,,,99989535327587,4.6360674,Bike
Fix,FLP,37.4268723,-122.1726924,-4.566251619762006,3.277376,11.366,335.06332,1676501625692,,,99990077828625,4.6360674,Bike
Fix,GPS,37.4269135656,-122.1726823911,-10.035298481124784,3.3047986,6.7363777,332.31628,1676501624000,0.38397732,6.474516,99990567272000,6.920145,Bike
Fix,FLP,37.426878,-122.1726915,-5.569176787326136,3.2983108,11.56,329.57495,1676501626235,,,99990620329540,4.531318,Bike
Fix,GPS,37.4269572642,-122.1727013122,-8.348427017544537,3.7754507,6.464135,323.29715,1676501625000,0.36492148,5.465954,99991567607000,6.891259,Bike
Fix,FLP,37.4269181,-122.1727071,-5.668789540150861,3.3017542,11.735,324.36948,1676501627321,,,99991705331310,4.5413384,Bike
Fix,GPS,37.4269982408,-122.1727274447,-7.334044718607268,3.7539093,6.166603,330.4612,1676501626000,0.34977496,4.9908433,99992567323000,6.8346605,Bike
Fix,FLP,37.4269537,-122.1727215,-5.351238194066831,3.698197,11.883,325.19827,1676501627862,,,99992247831921,3.6267407,Bike
Fix,GPS,37.4270420852,-122.1727550779,-7.236763742859241,4.134188,6.0778723,340.15073,1676501627000,0.43054867,5.6660986,99993567567000,6.8336353,Bike
Fix,FLP,37.4269946,-122.1727414,-3.839671845388175,3.7796793,11.872,334.36026,1676501628948,,,99993332833691,3.4335725,Bike
Fix,FLP,37.4270225,-122.1727511,-3.839671845388175,4.0709195,11.719,336.83966,1676501629491,,,99993875334667,3.4335725,Bike
Fix,FLP,37.4270481,-122.1727617,-3.839671845388175,4.122763,11.633,336.1771,1676501630032,,,99994417835155,3.4335725,Bike
Fix,GPS,37.4270874576,-122.1727725085,-6.989066236983771,4.391542,6.1236515,351.45645,1676501628000,0.48365846,5.769946,99994567782000,6.8862486,Bike
Fix,FLP,37.4270925,-122.1727799,9.302465617909348,4.3997865,11.409,349.1942,1676501631052,,,99995436000000,3.3249578,Bike
Fix,GPS,37.4271348365,-122.1727825136,-7.492908612180413,4.251212,6.428607,2.634251,1676501629000,0.5388213,6.751691,99995567406000,6.973639,Bike
Fix,FLP,37.4271437,-122.1727852,10.269509283979986,4.264417,10.897,0.017264877,1676501632094,,,99996479339855,3.335058,Bike
Fix,GPS,37.427181156,-122.1727813943,-7.608214495531494,4.042452,6.5230083,5.202457,1676501630000,0.4680755,6.5450344,99996567382000,7.076576,Bike
Fix,FLP,37.4271713,-122.1727834,4.866829666704469,4.08414,10.815,0.56977797,1676501632632,,,99997016000000,3.3449578,Bike
Fix,GPS,37.4272203697,-122.1727827409,-7.455590188034451,3.9336019,6.6408386,347.9071,1676501631000,0.6033751,7.875389,99997567512000,7.2021837,Bike
Fix,FLP,37.4271943,-122.1727836,-14.738236916631998,3.985205,10.81,352.26373,1676501633179,,,99997564337353,4.758229,Bike
Fix,FLP,37.427226,-122.1727892,-14.738236916631998,3.867947,10.863,339.431,1676501633722,,,99998106837353,4.758229,Bike
Fix,GPS,37.4272591016,-122.1727959861,-8.001222840169046,3.5526145,6.897098,343.22873,1676501632000,0.6139698,8.692626,99998567405000,7.433291,Bike
Fix,FLP,37.4272379,-122.1727951,-18.245451694654328,3.8723938,10.928,328.90567,1676501634264,,,99998649337414,4.507644,Bike
Fix,FLP,37.427267,-122.1728095,-18.245451694654328,3.6075249,10.952,331.69974,1676501634806,,,99999191837414,4.507644,Bike
Fix,GPS,37.4272885506,-122.1728166861,-8.820381222984874,2.678223,7.0883484,318.74292,1676501633000,0.53798723,11.058084,99999567392000,7.668629,Bike
Fix,FLP,37.427285,-122.1728175,-15.817068726672964,2.8663726,11.088,320.79907,1676501635350,,,99999734337231,4.516604,Bike
Fix,GPS,37.4273032959,-122.1728457246,-10.356869905953584,2.314658,7.267647,302.12595,1676501634000,0.49906817,12.457333,100000567419000,7.8400674,Bike
Fix,FLP,37.427299,-122.1728293,-11.833899159212995,2.7144759,11.318,317.08728,1676501635891,,,100000276836925,4.7445827,Bike
Fix,FLP,37.4273138,-122.1728545,-11.833899159212995,2.3591402,11.533,304.9662,1676501636977,,,100001361835888,4.7445827,Bike
Fix,GPS,37.4273173197,-122.1728820665,-10.25618633968634,1.7990894,7.4192233,299.86417,1676501635000,0.47544715,15.318762,100001567703000,7.9570284,Bike
Fix,FLP,37.427322,-122.1728817,-9.653348237986457,1.8613117,11.94,301.32373,1676501637519,,,100001904335400,4.7545724,Bike
Fix,GPS,37.4273292902,-122.1729084864,-12.514528297327242,1.7728697,7.6585054,299.1471,1676501636000,0.44496828,14.316435,100002567619000,7.9232197,Bike
Fix,FLP,37.4273243,-122.1728918,-5.855876309390119,1.8130692,12.28,306.30484,1676501638061,,,100002446834911,4.7645626,Bike
Fix,FLP,37.4273321,-122.1729062,-5.855876309390119,1.7781825,12.336,302.29388,1676501638604,,,100002989334484,4.7645626,Bike
Fix,GPS,37.4273377006,-122.1729388107,-13.267157373411411,1.7212565,7.62554,300.34497,1676501637000,0.45143607,14.928982,100003567645000,7.923318,Bike
Fix,FLP,37.4273371,-122.1729163,-3.443047960523593,1.7763913,12.565,303.246,1676501639147,,,100003531833996,5.2424626,Bike
Fix,GPS,37.4273494145,-122.1729720804,-12.473134043228852,1.486318,7.6320286,300.48468,1676501638000,0.47593054,18.603834,100004567434000,7.9721713,Bike
Fix,FLP,37.4273467,-122.1729432,0.1000000461935997,1.7286164,12.91,299.2763,1676501640231,,,100004616832470,4.9255605,Bike
Fix,FLP,37.4273526,-122.1729656,0.1000000461935997,1.51359,12.989,307.92578,1676501640774,,,100005159332957,4.9255605,Bike
Fix,NLP,37.4273481,-122.1730617,0.5,,16.852,,1676501640971,,,100005355000000,2.1997628,Bike
Fix,GPS,37.4273645163,-122.173003694,-11.526312725723132,1.0970105,7.5915556,304.43945,1676501639000,0.46303302,24.67411,100005567463000,7.8884287,Bike
Fix,FLP,37.4273578,-122.1729896,0.5,1.4920137,12.806,309.02103,1676501641317,,,100005701831249,2.7790575,Bike
Fix,GPS,37.4273728697,-122.1730244506,-11.604651350921731,0.59091204,7.7977047,304.43945,1676501640000,0.44719538,35.383408,100006567530000,7.875036,Bike
Fix,FLP,37.427368,-122.1730101,0.5,1.1264068,12.566,317.03674,1676501641860,,,100006244330517,2.2929673,Bike
Fix,FLP,37.4273724,-122.1730156,0.5,0.69476503,12.474,320.08124,1676501642371,,,100006755000000,2.2929673,Bike
Fix,GPS,37.4273831942,-122.1730424168,-10.442743392682296,0.0,7.695956,304.43945,1676501641000,0.42072788,129.07164,100007567488000,7.845892,Bike
Fix,FLP,37.4273802,-122.1730241,0.5,0.598059,12.447,313.24673,1676501642945,,,100007329328564,2.5874882,Bike
Fix,FLP,37.4273867,-122.1730329,0.5,0.04539764,12.358,,1676501643487,,,100007871831127,2.5874882,Bike
Fix,GPS,37.4273792137,-122.1730565278,-7.834502550581943,0.89264977,7.4450274,304.43945,1676501642000,0.45243725,109.11435,100008567578000,7.918242,Bike
Fix,FLP,37.4273896,-122.1730372,0.5,0.0072308164,12.372,,1676501644030,,,100008414327160,2.3129573,Bike
Fix,FLP,37.4273916,-122.1730412,0.5,0.8195172,12.34,301.29648,1676501644536,,,100008921808361,2.3129573,Bike
Fix,GPS,37.427370857,-122.1730604319,-7.675961294861777,0.8483294,7.8199325,304.43945,1676501643000,0.5714821,172.57123,100009567725000,8.16069,Bike
Fix,FLP,37.427394,-122.1730467,0.5,0.863107,12.331,288.9364,1676501645115,,,100009499329052,2.3028889,Bike
Fix,FLP,37.4273962,-122.1730558,0.5,0.8279413,12.495,327.63013,1676501646199,,,100010584323437,2.3028889,Bike
Fix,FLP,37.4273974,-122.1730542,0.5,0.8259245,12.485,350.9928,1676501646712,,,100011096000000,2.132635,Bike
Fix,GPS,37.4273650433,-122.1730550325,-7.402313220963679,0.0,8.1881485,304.43945,1676501645000,0.6860044,22.167257,100011567823000,8.729679,Bike
Fix,FLP,37.4274,-122.1730524,0.5,0.8424931,12.801,0.58910817,1676501647284,,,100011669321789,2.160765,Bike
Fix,FLP,37.4274006,-122.1730467,0.5,0.10540087,12.795,0.0018062838,1676501647830,,,100012215000000,2.160765,Bike
Fix,NLP,37.4273773,-122.1730402,0.1000000461935997,,18.372,,1676501648171,,,100012556000000,2.2666113,Bike
Fix,GPS,37.4273650433,-122.1730550325,-6.897667666550729,0.0,8.22101,304.43945,1676501646000,0.6438368,147.96599,100012567614000,8.972325,Bike
Fix,GPS,37.4273650433,-122.1730550325,-6.202825386306177,0.0,8.315615,304.43945,1676501647000,0.61585224,129.65442,100013567630000,9.214405,Bike
Fix,FLP,37.4273938,-122.1730366,3.949020370601765,0.00044900592,12.283,,1676501648911,,,100013296821910,2.208417,Bike
Fix,GPS,37.4273650433,-122.1730550325,-5.921493066091791,0.0,8.455939,304.43945,1676501648000,0.7204669,86.67435,100014567668000,9.528864,Bike
Fix,FLP,37.4273919,-122.1730339,3.949020370601765,0.0008009503,11.664,,1676501649997,,,100014381817821,2.208417,Bike
Fix,GPS,37.4273650433,-122.1730550325,-6.306429790241248,0.0,8.981563,304.43945,1676501649000,0.72486365,70.27273,100015567852000,9.905434,Bike
Fix,FLP,37.4273914,-122.1730321,3.7361346030440217,4.028859e-05,11.179,,1676501651081,,,100015466815929,2.281387,Bike
Fix,GPS,37.4273797852,-122.1730651871,-5.271814589670214,0.4827424,9.532092,304.43945,1676501650000,0.91374815,180.0,100016567706000,10.371544,Bike
Fix,FLP,37.4273917,-122.1730322,2.868075161675094,0.00019229985,10.537,,1676501652167,,,100016551814098,2.2913373,Bike
Fix,NLP,37.4273208,-122.1730094,0.1000000461935997,,27.044,,1676501653179,,,100017563000000,2.1265268,Bike
Fix,GPS,37.4273808976,-122.1730718695,-5.259758790102988,0.48765188,10.091698,304.43945,1676501651000,0.9731986,180.0,100017567672000,10.887248,Bike
Fix,FLP,37.4273922,-122.1730322,0.5,0.44217217,9.596,347.61316,1676501653252,,,100017636812267,2.2307754,Bike
Fix,GPS,37.427378782,-122.1730755411,-6.228220995792753,0.0,26.329279,304.43945,1676501653000,2.0734067,180.0,100019567720000,11.936706,Bike
Fix,FLP,37.4273942,-122.1730326,-6.83546666576742,0.4851535,9.045,343.65536,1676501654880,,,100019264308544,2.2534907,Bike
Fix,GPS,37.427378782,-122.1730755411,-6.087833896036245,0.0,26.33973,304.43945,1676501654000,2.1125293,150.87659,100020567755000,12.542569,Bike
Fix,FLP,37.4273949,-122.1730331,-7.144857889942642,0.48558965,8.953,343.84732,1676501655965,,,100020349305553,3.4773674,Bike
Fix,GPS,37.427378782,-122.1730755411,-6.084862953823148,0.0,26.350212,304.43945,1676501655000,2.218755,180.0,100021567768000,13.163798,Bike
Fix,FLP,37.4273961,-122.173034,-7.37487180451361,0.48703927,8.864,337.47983,1676501657050,,,100021434303783,3.5166574,Bike
Fix,GPS,37.427378782,-122.1730755411,-6.167018385587066,0.0,11.729153,304.43945,1676501656000,1.0939349,170.26323,100022567870000,10.438014,Bike
Fix,NLP,37.427315,-122.172979,0.1000000461935997,,24.333,,1676501658206,,,100022591000000,2.1445076,Bike
Fix,FLP,37.4273973,-122.1730353,-7.0174628748996,0.48745316,8.823,328.3819,1676501658134,,,100022519285228,2.2972152,Bike
Fix,GPS,37.427378782,-122.1730755411,-6.0116510503906815,0.0,12.051205,304.43945,1676501657000,1.0794965,177.80458,100023567789000,10.377714,Bike
Fix,FLP,37.427395,-122.1730337,-6.665600001991976,0.47101536,8.779,327.6906,1676501659219,,,100023604294628,2.3070576,Bike
Fix,GPS,37.427378782,-122.1730755411,-6.00584235063423,0.0,12.158492,304.43945,1676501658000,0.9903998,180.0,100024567826000,10.332053,Bike
Fix,FLP,37.4273935,-122.1730329,-6.535164354048284,0.2051995,8.788,323.42972,1676501660304,,,100024689290722,2.283812,Bike
Fix,GPS,37.427378782,-122.1730755411,-5.908491168300447,0.0,12.253821,304.43945,1676501659000,0.92450255,172.59172,100025567862000,10.319981,Bike
Fix,FLP,37.427391,-122.1730314,-7.353134493562571,0.059441615,8.78,,1676501660846,,,100025231788219,2.2279098,Bike
Fix,GPS,37.427378782,-122.1730755411,-5.619161659898922,0.0,12.402532,304.43945,1676501660000,0.9707633,73.150826,100026567912000,10.314469,Bike
Fix,FLP,37.4273911,-122.173032,-15.015153664845364,0.033709023,8.801,,1676501661932,,,100026316783398,2.2152708,Bike
Fix,GPS,37.427378782,-122.1730755411,-5.150184721209956,0.0,12.621639,304.43945,1676501661000,1.0261608,164.09932,100027567856000,10.283696,Bike
Fix,FLP,37.4273918,-122.173033,-15.015153664845364,0.061671205,8.847,,1676501663017,,,100027401778271,2.2252207,Bike
Fix,NLP,37.4273031,-122.1730193,0.1000000461935997,,26.084,,1676501663236,,,100027621000000,2.7117147,Bike
Fix,GPS,37.427378782,-122.1730755411,-4.895369062402191,0.0,12.782524,304.43945,1676501662000,0.96982896,124.37393,100028567899000,10.274361,Bike
Fix,FLP,37.4273901,-122.1730337,-9.702372596847468,0.11353359,8.92,210.26381,1676501664102,,,100028486772655,2.492743,Bike
Fix,GPS,37.427378782,-122.1730755411,-4.669660775720864,0.0,29.873926,304.43945,1676501663000,2.4726806,104.14262,100029567891000,10.266507,Bike
Fix,FLP,37.4273899,-122.1730342,-9.012467580862328,0.07882577,9.022,,1676501665186,,,100029571766796,2.585638,Bike
Fix,GPS,37.427378782,-122.1730755411,-4.152656872584936,0.0,13.2594795,304.43945,1676501664000,1.2960156,70.93936,100030568238000,10.251743,Bike
Fix,FLP,37.4273907,-122.1730362,-5.929698597992946,0.10945395,9.191,278.53442,1676501666272,,,100030656760632,2.1413863,Bike
Fix,FLP,37.4273909,-122.1730375,-5.929698597992946,0.13062337,9.207,278.3462,1676501666814,,,100031199257519,2.1413863,Bike
Fix,GPS,37.427378782,-122.1730755411,-3.853387987110632,0.0,13.394162,304.43945,1676501665000,1.3152838,180.0,100031568134000,10.20742,Bike
Fix,FLP,37.4273915,-122.1730383,0.1000000461935997,0.16055146,9.264,291.8893,1676501667357,,,100031741754283,2.1679506,Bike
Fix,NLP,37.4273162,-122.1729685,0.1000000461935997,,27.586,,1676501668203,,,100032587000000,1.6965789,Bike
Fix,FLP,37.4273924,-122.1730391,3.778182304588903,0.13121742,9.311,305.19144,1676501667899,,,100032284250865,2.2760382,Bike
Fix,GPS,37.4273617095,-122.1730840493,-3.2846852526903745,0.6373443,13.180753,304.43945,1676501666000,1.1175178,136.13773,100032567869000,10.1215725,Bike
Fix,GPS,37.4273688297,-122.1730787446,-3.3511829034111997,0.5425017,13.009249,304.43945,1676501667000,0.68257815,16.961746,100033567874000,10.125262,Bike
Fix,FLP,37.4273888,-122.1730405,7.660922941074766,0.62149876,9.318,221.01021,1676501668985,,,100033369239452,2.313744,Bike
Fix,GPS,37.4273679842,-122.1730820883,-2.6893580062985363,0.605449,12.508241,304.43945,1676501668000,0.550009,15.064177,100034567904000,10.086799,Bike
Fix,FLP,37.4273859,-122.1730428,6.643539225209089,0.5291434,9.319,271.73932,1676501670069,,,100034454238415,2.3107576,Bike
Fix,GPS,37.4273574313,-122.173080768,-2.0674331683732734,0.4064765,11.854284,304.43945,1676501669000,0.48729,39.48404,100035567899000,10.018161,Bike
Fix,FLP,37.4273864,-122.1730458,0.1000000461935997,0.53996956,9.342,273.0281,1676501671155,,,100035539235607,2.279175,Bike
Fix,GPS,37.4273388441,-122.1730870599,-1.2396032726286992,0.5440715,10.543299,304.43945,1676501670000,0.46970066,42.119144,100036567936000,9.881514,Bike
Fix,FLP,37.4273862,-122.1730486,-2.298746170625748,0.41691744,9.38,274.51245,1676501672240,,,100036624238720,1.7153478,Bike
Fix,GPS,37.4273337833,-122.1730837743,-0.3283784010535739,0.0,9.814728,304.43945,1676501671000,0.54365003,44.01978,100037567932000,9.8137455,Bike
Fix,FLP,37.4273858,-122.1730494,-4.37464773386305,0.5280048,9.463,289.69092,1676501673325,,,100037709247814,1.7071203,Bike
Fix,NLP,37.4272346,-122.1730064,0.1000000461935997,,29.65,,1676501673962,,,100038347000000,2.1716855,Bike
Fix,FLP,37.4273857,-122.1730512,-4.700928624235587,0.047156487,9.505,,1676501673866,,,100038251755138,3.0503392,Bike
